1.78165487490594542864703886398
-1.43335101352754832443846255696
1.21475147905121318744718628135
-1.05562356359825437041293633156
0.933414158644838302697922111095
-0.835731617727362249565658397499
0.755432664492192854370413573895
-0.688131767442364409572645028712
0.630685882236908413743699253207
-0.581118230190982348252852485171
0.537758570462719925886745792054
-0.499599394003993264575056582055
0.465631730099422210699582416749
-0.435307935462039670074371397468
0.407957593794200463457790689636
-0.383276113293546786766783848743
0.360783688423977178433331783336
-0.340314331054022537446663437821
0.321503701915550664790525645098
-0.304269364678894373556303915018
0.288321183063297817490699959109
-0.273629194924120251443616994025
0.259953366892866474308814231375
-0.247297691468376486194206444191
0.235457436133501516416482307603
-0.224459019170952698291466968772
0.214123526859790906594588170975
-0.204492364489916139471694343788
0.195406140554266917686498591933
-0.186916303058813843682357293263
0.17887866834670424120632119952
-0.171351358687295728157611203468
0.164202358879053550750498104149
-0.15749412300474036603237064369
0.15110460896664150360127736733
-0.145098945910705834060343451253
0.13936344263264835000883361954
-0.133964715426508325387777546822
0.128796199864386876873844148261
-0.123925138506639620017760194948
0.119251151779294513528058979679
-0.114841479800798391383608379468
0.110601189698590154622721577066
-0.106597057851482658534882953794
0.102739009589052729175078209484
-0.099093018632134344621980107104
0.0955733916550290976994340604034
-0.0922450513499448601376843985544
0.0890262933861800954870517436912
-0.085980808764677680895857029425
0.0830305546490015457887479653765
-0.0802378607826713318869316614312
0.077528068733247593715882366866
-0.074962056285355312101046417611
0.0724683119911724988031643396313
-0.0701062007308904036736660336793
0.0678071522098685506506040091002
-0.0656289803611263469011716763235
0.0635058756487366000376636708535
-0.0614940807139627022069963170614
0.0595303870924641569814463222532
-0.0576694595006904236605136185312
0.0558505478935046878706256311825
-0.0541267430635182314344272871964
0.0524396248886268179487709761161
-0.0508407224801140630851873335183
0.0492738290226190894427926898758
-0.0477889305583041390645547726035
0.046331927026591579948456081639
-0.0449512849095827422783440245613
0.0435949129538426445641956415156
-0.0423097853225772672790445678298
0.041045729042707549029937079757
-0.039848256006654706943534470856
0.0386690274490271985359805990978
-0.0375521251089170542674787901111
0.0364509660144125259372384698087
-0.0354082353482090223907379714779
0.0343790325164545048523335232099
-0.0334046807490161052976013460886
0.0324418928626045354683248705951
-0.031530665364822673949520828382
0.0306292595001193677481019471409
-0.0297763806063476450764160264814
0.0289317769652779212298385680055
-0.0281328983744028141552662777153
0.0273409220204051459288921606394
-0.0265920776700207146599924147579
0.0258489162534756716522316155604
-0.0251464827391453847619048759046
0.0244486493626083283665987840386
-0.0237893111235565137310480482435
0.0231336116324677740875771130361
-0.0225143302478218372862851142172
0.0218978343438647544010223914071
-0.0213158213849315242324717689995
0.0207358370514525439536236564933
-0.0201885300195391836225873279445
0.0196425808250688793027991050494
-0.0191276217742941608085464324715
0.0186134266840997735621509147699
-0.0181286431870682702456051100734
0.0176440985661432809170046619174
-0.0171874867293434352421703818423
0.0167306502651611801887426801347
-0.0163003595421655676690091737319
0.0158694358533796941501442436667
-0.0154637554387252243751096317421
0.0150570831680110248170943645224
-0.0146744297841082518369721547982
0.0142904700004956088222978199259
-0.0139293769149533351461186484084
0.0135667026741065988384733059791
-0.0132258098061924771015243477469
0.0128830967368070038172131073703
-0.0125611417299980345523615623757
0.0122371595313558452027658625047
-0.0119329696845545498314519988585
0.0116265744347596280315821140605
-0.0113390593981729315684576857824
0.0110491865850405685085678232464
-0.01077733173828507216255190998
0.0105029899356021201814481193237
-0.0102458503755826358596090841849
0.00998611549674496693982766711353
-0.00974281057149588447518373133735
0.00949682064057846419141841560682
-0.00926652897275967455320089607995
0.00903347936006704999383317344561
-0.00881543431032723386955727217992
0.00859457338555878146339295046985
-0.00838805891166169881079410150515
0.00817868407313936728417230097657
-0.00798303094571346519549374367783
0.00778448498876013858604978662079
-0.00759906732887689045623049225418
0.00741073512050173961710047821315
-0.00723496722809551830264733702017
0.00705627265871357236348769114559
-0.00688960610420324643097636269258
0.0067200092902552408495467708982
-0.0065619302446734973793829055061
0.00640092495877700322674200977824
-0.00625095174031059920478111801428
0.0060980630480153784857134230922
-0.0059557438651532179500316444877
0.00581052594953294990774760129387
-0.0056754368230494527830678032701
0.00553747098027029348842211311024
-0.00540921382807101160696401599345
0.00527810661877484568034956616961
-0.00515630748922805570591629958921
0.00503168903207471967916817028738
-0.00491599647287255975505629139455
0.00479751886792410922140996723181
-0.00468760241878201469599462321985
0.00457493828960662715153690860773
-0.00447048708823819736081717430079
0.00436332823267907252833707918913
-0.00426404972448801071643241728318
0.00416210586499271151306910332054
-0.00406772460782720129897992015523
0.00397072223308702786169732375579
-0.00388097878920772902172013196082
0.0037886600796204383786402157281
-0.00370330998775512298058788503239
0.00361543181790989351387456186317
-0.00353424463891882992653628863151
0.0034505776509184117971199034277
-0.00337333608117911261568507876041
0.00329366382316821549167900706843
-0.00322016287031136669212708230868
0.00314428099507982685578309431373
-0.00307432721118437188722578672345
0.00300204273016430559283343210836
-0.00293545349794618698750198301957
0.00286658408632703484144129855646
-0.00280318695424211892755600688924
0.00273756030329711308247285148337
-0.00267719236582788052765835996177
0.00261464557887699843174056542339
-0.00255715289858947127137703020806
0.00249753192732420238098529712521
-0.00244276899556768099194711775166
0.0023859281137373492893738501433
-0.00233375734711904445139801170944
0.00227955865882634405184065866205
-0.00222984992882968247086861743409
0.00217816290890704578730720187771
-0.00213079310223713125813750158058
0.00208149416638142343923028243155
-0.00203634677381584465869198492978
0.0019893188763458597469925711286
-0.00194628360804705397010457983446
0.00190141586531718463257576378321
-0.00186038829072498377527551986169
0.00181757562838396789833165319208
-0.00177845683895534102688423447845
0.00173759966138070456253515309918
-0.001700295954577227995460611998
0.00166129983494571969235095466053
-0.00162572241799456282105484005926
0.00158849780756583026621689164627
-0.00155456251963261666958661529839
0.00151902447493340623047541860461
-0.00148665152644782099931286106212
0.00145271945314200616815490598073
-0.00142183318111285861789899189703
0.00138943059343379144385886955933
-0.0013599592316773777993603163159
0.00132901352638256783240571824462
-0.00130088898966698322495553466396
0.00127133123355188626807201927394
-0.00124448891473351287548467549718
0.00121625364481158664829547823467
-0.00119063222410842339502525004868
0.00116365725962884364006909629742
-0.00113919852523597330741409280235
0.00111342479077044495726115741702
-0.00109007347008051502517154496621
0.00106544482896604348337243829865
-0.00104314842971027106636319812909
0.00101961152718383834458092064481
-0.00099832018785773965189545090795
0.000975824303266680209923592621748
-0.000955490652248621334137429039323
0.000933987559763621086693533788472
-0.000914566582576102891468977813816
0.000894010419872343466737672220508
-0.000875459334074252877275279310313
0.000855806478483811892055633174185
-0.000838084615716665873068033957519
0.000819293567389555998569733918577
-0.000802362262132873392181138928834
0.00078439353377452781696219276256
-0.000768216018396870511407835982682
0.000751032031179525275724320797568
-0.000735573336898579601332973153336
0.000719138322170984943505837568359
-0.000704365185562249521146269820842
0.00068864509200722620161538623006
-0.000674525866724401753025354888573
0.000659488272636111849040809493403
-0.000645992846029888492116451201991
0.000631606876405142627174183530409
-0.000618706590745715154435533901988
0.000604942838903208253075211996326
-0.000592610416932284087143503520292
0.000579440870392007285224447894756
-0.000567650344948037493919146408931
0.00055504831532019544702328417039
-0.000543774962795848289009787628143
0.000531715019445356749588472522559
-0.000520935296852920958866519491031
0.000509393204119918990998768253044
-0.000499084689553697074436560700804
0.000488037347323990800984344070679
-0.000478178683623093070595303969274
0.000467604071056122066544703032862
-0.000458174912481872478766368626465
0.000448052034715726293936692098624
-0.000439032996471021669314051163579
0.00042934183413451088280137862797
-0.000420714444562602981541185939848
0.000411435905935378546433749732264
-0.000403182561245352188629074952856
0.00039429843691731715511783122705
-0.000386402358293017939961659683789
0.000377895278182367218392091301037
-0.000370340471140999003041650972199
0.00036219386373898777710732702702
-0.000354965079612514273142716536005
0.000347163133331792447112811863478
-0.000340245832752934747783600880067
0.000332773459263063813586252647631
-0.000326153777544206981123878490592
0.000318996576984203083449989681313
-0.000312661291284775347837178774944
0.000305805519250617704518062925844
-0.000299742017434145545381628502669
0.000293174553644387283048587715612
-0.000287370804732215887953327343235
0.000281079123279967027111113725348
-0.000275523649415094254808008899333
0.000269495790520941480884465458285
-0.000264177640359407720120892099579
0.000258402183544706085164389632773
-0.000253310906996938864306279293919
0.000247776945600916087492455051259
-0.000242902569850680927385062915177
0.000237599686819598457962642219267
-0.000232932693551902919370197771198
0.000227850938433033176745211940886
-0.000223382242205679616870775113045
0.00021851210928198283826107046503
-0.000214233036980259032556922921828
0.000209565444485434506827241851398
-0.000205467715802749592303473585983
0.000200993986160331876896882336968
-0.000197069695049608350750313027588
0.000192781536082376406583388636553
-0.000189023133127623717694288898094
0.000184912620186645713610923686245
-0.000181312895846609620806031840177
0.000177372454811927244183819240534
-0.000173924523489655132252898260103
0.000170146914598041227763540477911
-0.000166844199493391024946638588134
0.000163222501950551246410806852853
-0.000160058720655401903639088348572
0.000156586317991446829055305499021
-0.000153555468788890572537821049132
0.000150226034920076886108503210848
-0.000147322383751011169848602142679
0.000144129869711475889437288046605
-0.000141347937774728906488098136008
0.000138286559083639572334641124572
-0.000135621111037104662715892995661
0.000132685335669585379800537456706
-0.000130131368401396492649533134062
0.000127315905333013190443077526052
-0.000124868637273883535907564329849
0.000122168425568865350890032897189
-0.000119823286518285277909747954983
0.000117233484935115740148156183585
-0.000114986106375437016381390216695
0.000112502083463770722699683917074
-0.000110348289337072653277923510017
0.000107965614001296421753184195941
-0.000105901411926532038356091085447
0.000103615844432740630251872472676
-0.000101637417340694321973631260059
9.94449007456579119334357530773e-05
-9.7548598910714752788122570786e-05
9.54452508915447180989572039549e-05
-9.36275843407695817363463096437e-05
9.16096894055679418106353313796e-05
-8.9867320686485365988705251969e-05
8.79313227476413781355386699171e-05
-8.6261060036520397343315874714e-05
8.44035553287070070839886236727e-05
-8.2802345862782917120097001516e-05
8.10200761888985933465167859724e-05
-7.94850000067409296255061855268e-05
7.77748462957044206732849191599e-05
-7.63031102704290587303370727403e-05
7.4662086432030636330085551181e-05
-7.32510185828463031461142239279e-05
7.16762656451077118674117847968e-05
-7.03233097140269574901525048358e-05
6.881209022942894320671231484e-05
-6.75148005100751743792812362198e-05
6.60644932176689006591912334862e-05
-6.48205296235677816832608329656e-05
6.34286243552139717249324308895e-05
-6.22357477166303688048751144909e-05
6.08998405349667772032715977758e-05
-5.97559081127408436041086887004e-05
5.84736966701101231337263244516e-05
-5.73766578762824696244674155244e-05
5.61459369846932872032514685227e-05
-5.50938292996744363105857057901e-05
5.39124867008865206084877475532e-05
-5.29034317783185113188219602742e-05
5.17694441049418538978048578351e-05
-5.0801644054759973385022034175e-05
4.97130729737396398331389284837e-05
-4.87848068150740546579812961206e-05
4.7739795344507523380773785716e-05
-4.6849415620430926137534919683e-05
4.58461846115883447806092968846e-05
-4.49921141581104979566281295813e-05
4.40289589351938560710727004567e-05
-4.32096877968904748009899879679e-05
4.22849749471473720471210174345e-05
-4.14990574326297753651488207135e-05
4.06112217395178526354482871321e-05
-3.9857273610495694332377215622e-05
3.90048151234896495159415438011e-05
-3.8281510910479325711701604286e-05
3.74629921452145138607241949821e-05
-3.67690625845471218717846473425e-05
3.59831058471007879415895464948e-05
-3.53173354331583604021750900069e-05
3.45626202629253354511367626943e-05
-3.39238449105602850026995933057e-05
3.31991056360042107612225425204e-05
-3.25862104476092029876517887024e-05
3.18902338501850024591739109941e-05
-3.13021509828574549179003071251e-05
3.06337740633709211377963556029e-05
-3.00694806915987223337475787302e-05
2.9427588535046489636690809448e-05
-2.88861049039787143667510168864e-05
2.82696286381908029038948904139e-05
-2.77500162037645244175211045137e-05
2.71579310472965128670751883811e-05
-2.66592906992903574187318551799e-05
2.60906140945966197711430929643e-05
-2.56120844583673035432530765398e-05
2.50658742868058842093534123203e-05
-2.46066301003339395459892994435e-05
2.40819829747969028684566446198e-05
-2.36412335376068017038064117955e-05
2.31372831693760527259144430087e-05
-2.27142708601076112075322600365e-05
2.22301864967364504570536412544e-05
-2.18241853559478897489235744568e-05
2.13591702870644195994733068565e-05
-2.09694846624440077112028524872e-05
2.0522774789977942583882512531e-05
-2.0148738041411679641061753445e-05
1.97196005116868424397232846871e-05
-1.93605737730486752372298012211e-05
1.89483056681745313730366536169e-05
-1.86036766632443727566460097591e-05
1.82076037486574690325027985979e-05
-1.78767856591788882258123708928e-05
1.74962611850701489976008473775e-05
-1.71786915682239715230124934894e-05
1.68130951227082103823224076153e-05
-1.65082348755881903408678200586e-05
1.61569712868742012351686959028e-05
-1.58643036564958919669824337559e-05
1.55268019421267011607139932992e-05
-1.52458315783797099706670440808e-05
1.49215439394757486217093345234e-05
-1.46517959891286328017770697946e-05
1.434019684751235358262240515e-05
-1.40812160876223470608210646134e-05
1.3781801164210114935494583457e-05
-1.35331511733822928345697975418e-05
1.32454366054359848588674300421e-05
-1.30066989705241008498099608338e-05
1.27302204668151920996020252098e-05
-1.25009940241244393300078553665e-05
1.22353060560368026489312846621e-05
-1.20152061653675702377033711689e-05
1.17598811917974816529605712854e-05
-1.15485390417941879365883455287e-05
1.13031667674191388422773850001e-05
-1.11002287105454619284524045189e-05
1.08644153754107176332431537871e-05
-1.06695422919293440432500397337e-05
1.04429099905851758634296759749e-05
-1.02557766796445767061735719725e-05
1.00379627095844723472455885431e-05
-9.85825730647267492074430602283e-06
9.64891354378462776695185317322e-06
-9.4763369620188533849128761482e-06
9.27512926316899321403717939446e-06
-9.10939466082128711120410462275e-06
8.91600228967715206024345524349e-06
-8.75683455819717766525486652834e-06
8.5709496373769635272640317805e-06
-8.41808491219301126185336060608e-06
8.23941189696461729196006957881e-06
-8.09259708925774739930499292344e-06
7.92085226367625574485899614985e-06
-7.77984461199866718768868410495e-06
7.6147556061933063476710982382e-06
-7.47932224681587022923696833043e-06
7.32062757445227200088703296993e-06
-7.19054513046144610654309198987e-06
7.0379937451757596433759299954e-06
-6.91304793281816024755422825314e-06
6.76639880352847540693846032721e-06
-6.64638405510319516670992346754e-06
6.50540575883764260544493765019e-06
-6.39012486166786645988877019848e-06
6.25459519329780010035682575911e-06
-6.14385894419126699172644912888e-06
6.01356454229834805010880764569e-06
-5.90719141620920045676014477322e-06
5.78192740463867771821978713046e-06
-5.67974323764099805350069150707e-06
5.55931288188807874362365427128e-06
-5.46115056725477457554575810751e-06
5.34536494486609381483780584446e-06
-5.25106414227192993419409280515e-06
5.13974182702977868003485326509e-06
-5.04914868364532946922055621889e-06
4.94211544304946313578224696399e-06
-4.85508232651511796111575323385e-06
4.75217083109666233128924176641e-06
-4.66855607388646727648196203678e-06
4.56960561905939084350453609699e-06
-4.48927327318243602014871514186e-06
4.39412951246119407116734329453e-06
-4.31694911467902624089482943571e-06
4.22546380355894685682756942272e-06
-4.15131015057891511224338421202e-06
4.06334090121477504885393914386e-06
-3.99209383386788151601233185628e-06
3.90750387982132989682159751946e-06
-3.83904807667955594757060296572e-06
3.75770604713807932925710424617e-06
-3.69193082646170739907040606879e-06
3.61371052979550644574724715781e-06
-3.55050965988213506978655873601e-06
3.47528987614296522404036824931e-06
-3.41456139354673222857258021164e-06
3.34222567529176485312009934073e-06
-3.2838717104295042248392539659e-06
3.21430819178241206529602225572e-06
-3.1582348022435412358156685904e-06
3.09133601566572967696034805784e-06
-3.03745302592790670658606695647e-06
2.97311572656738943605433296173e-06
-2.92133657454502796577167176767e-06
2.85946157166070052897609484407e-06
-2.8097031619225124388448791891e-06
2.75019515702437660681410700608e-06
-2.70237771967722070704689946046e-06
2.64514515152723508528919311508e-06
-2.59919210699808597364646053033e-06
2.54414700283215222039035884489e-06
-2.49998483249459899460207241336e-06
2.44704266499558672846324660591e-06
-2.40460078699577786008139160027e-06
2.35368033737437081444898528685e-06
-2.31289098743229882305055947153e-06
2.26391421410504579146475708771e-06
-2.22471233141074842970688425886e-06
2.17760424365604291671184809696e-06
-2.13992736155697601498994135842e-06
2.09461589849373878496208873647e-06
-2.05840403933942826258634829475e-06
2.01481995381443822307470810165e-06
-1.98001552849998396867115131774e-06
1.93809227558733357518054840139e-06
-1.90463998697969339656835407984e-06
1.86431361691746342191450333982e-06
-1.83216036738329415424689651117e-06
1.79336942296622010373655611545e-06
-1.76246422569811616136474239147e-06
1.72514964374722306366673003347e-06
-1.69544353746410746971772304892e-06
1.65954855418306094708581755048e-06
-1.63099452182358220213202139406e-06
1.59646458198134885005641797798e-06
-1.56901747223174833841283862903e-06
1.53580014216534995838093121449e-06
-1.50941659432351721271586950354e-06
1.47746147821022530259359312027e-06
-1.4520998504893359180980300536e-06
1.42135850990830741697349498785e-06
-1.39697881014017017219195603483e-06
1.36740468728849499920186223311e-06
-1.34396850666765398958343202669e-06
1.31551685013005724947834428956e-06
-1.2929872999045460383240454145e-06
1.26561509365040657252185872886e-06
-1.24395674394936753350225067651e-06
1.21762263918613804204265080562e-06
-1.19680146066125964741400234817e-06
1.17146571036977678279600039871e-06
-1.1514490180788466609603957413e-06
1.12707341407076242547882511361e-06
-1.10782981376290398476633880663e-06
1.08437762632659740087496744134e-06
-1.0658769626502599229026352383e-06
1.04331288271169270782907392979e-06
-1.02552618975799464869769193555e-06
1.00381627317953196066535076358e-06
-9.8671572700540271500816120009e-07
9.65827340947192827635329381952e-07
-9.49386214005992058203015441723e-07
9.29287985940462933358484902482e-07
-9.13480603170918605914858402077e-07
8.94142371456421614484036859493e-07
-8.78944068496395622883269506725e-07
8.60336834944889332457874414308e-07
-8.45723917845573103745831745099e-07
8.27819802384806104151289465749e-07
-8.13769508835085756569602259896e-07
7.96541705983047766314262047888e-07
-7.83032168241968041953161086222e-07
7.66454904958562374684726825622e-07
-7.53465114462481143996504205527e-07
7.37513609991278754326519831715e-07
-7.25023382959130280796120516367e-07
7.09673810225081095338299694036e-07
-6.97663754931481191203719249089e-07
6.82893203397952560640579414707e-07
-6.7134468879980104240755216014e-07
6.57131128626692068761613790578e-07
-6.46026254193992544391778012474e-07
6.3234850221240041731502288566e-07
-6.2167006870845909067121020752e-07
6.08507755407065957652317659701e-07
-5.98239237402274065306887282062e-07
5.85572775174525504189828411164e-07
-5.75698294228919348380486541141e-07
5.63508847236528726764568953536e-07
-5.54013146135189578804964169072e-07
5.42282601019400078139060419836e-07
-5.33151019326440639632524300549e-07
5.21861957114199115606240505379e-07
-5.13080407664520202907294850833e-07
5.0221607696322193893389047631e-07
-4.93771022940531895025013593778e-07
4.83315314011317503438867013744e-07
-4.75193747329378011734861679714e-07
4.65131167305981242713540289049e-07
-4.57320587756229836967974557396e-07
4.47636236614098764759525706212e-07
-4.40124631773126806322409649575e-07
4.30804179525927399967712955507e-07
-4.23580005479693040798749586976e-07
4.14609670192794134922188407362e-07
-4.07661833130528748250082893305e-07
3.99028359483149169274225508442e-07
-3.92346197946374412247633475371e-07
3.84036837084755880979597415163e-07
-3.77610104877423263452095049443e-07
3.69612594919430521070426636702e-07
-3.63431444808372277014299580548e-07
3.55733991799174914071414617781e-07
-3.49788959845300662872145273696e-07
3.42380219879658131179260263013e-07
-3.36662210257782001178562262597e-07
3.29531272227302308027145349993e-07
-3.24031542757121356185479499211e-07
3.17167911455115536121501953727e-07
-3.11878059801604950068839703478e-07
3.05271639996107460635259707865e-07
-3.00183590313131242645131475934e-07
2.93824671401052521503767912187e-07
-2.88930661386884989503619233839e-07
2.82809902549511352242663764074e-07
-2.78102471260149084449842938099e-07
2.7221088717138405498854369855e-07
-2.67682863297677381667048688548e-07
2.62011810529362792864891895871e-07
-2.57656300758190192929155475453e-07
2.52197464674240409482710900087e-07
-2.48007842955526667798659810846e-07
2.42753225060772806088637775162e-07
-2.38723122271768933077788057027e-07
2.33665027923106627804121208102e-07
-2.29788321571994485090869459147e-07
2.24919348570721325034027439788e-07
-2.21190153248334388160952694872e-07
2.16503180502398565105050928618e-07
-2.12915838673199083191673761638e-07
2.08404015385991485294437944545e-07
-2.04953088322206201007433694919e-07
2.00609823660202973407814981036e-07
-1.97290083080130125843454852403e-07
1.93109036298914648307542768922e-07
-1.89915455999678874410506979254e-07
1.85890526688894198262845253513e-07
-1.82818274774217345737171221989e-07
1.78943593774278503194337013211e-07
-1.75988024977791291422058916819e-07
1.72257945623089166731866583714e-07
-1.69414594044500625565158635182e-07
1.6582368345997031122232594162e-07
-1.63088255622903133008300139443e-07
1.59631286596372620387170704882e-07
-1.56999654713945552009620907038e-07
1.5367159801743378587143107429e-07
-1.51139793461000152510539259367e-07
1.47935810134660229097207523501e-07
-1.45500017273411742218224217213e-07
1.42415451298382419698588315209e-07
-1.40072001702366842858459281243e-07
1.37102373180851077854447199889e-07
-1.34847739598331283077518021265e-07
1.31988738037054879236680690918e-07
-1.29819529123245283297225511179e-07
1.27067006776286606692082642636e-07
-1.2497996181526771895312843161e-07
1.22329927603630483883303792136e-07
-1.2032191135614229937739016279e-07
1.17770524967352856580319936532e-07
-1.15838522707419841831166494702e-07
1.13382088743046616016167531495e-07
-1.11523201839538792073435717651e-07
1.09158164348206856744880634724e-07
-1.07369605534092449174648730508e-07
1.05092542706878985392008087844e-07
-1.03371631743186145328609491755e-07
1.01179250864175799964002988358e-07
-9.95234105871300945745938535095e-08
9.74125429880764314720092772858e-08
-9.58192951537878074435329851824e-08
9.37868915871444620824049075075e-08
-9.22538530653431486884066751434e-08
9.02969792458059684943039296642e-08
-8.88218584072613236469401207835e-08
8.69376904883756762740367041261e-08
-8.55182836336374958300635879291e-08
8.37041039689041627444843110286e-08
-8.23382918766045105852903734948e-08
8.05914852433845176137115095326e-08
-7.92772299196371648661836925024e-08
7.75952794861728800883881976249e-08
-7.63306210328345073088219379452e-08
7.4711104505475069183225865751e-08
-7.34941581914952392713031605843e-08
7.19347445083441802252027096979e-08
-7.07636976373099912986867753574e-08
6.92621433358877037942722379129e-08
-6.81352526707446475915313734365e-08
6.6689398552955989381405057307e-08
-6.56049876085954554003284731051e-08
6.42127555654013152511948954864e-08
-6.3169211937297569053078329475e-08
6.18286020225400971089997672307e-08
-6.08243749276839293527125033467e-08
5.95334621640319170821584199427e-08
-5.85670602599379497369866829817e-08
5.73239919137193058745130468992e-08
-5.63939807827767160389544942139e-08
5.51969736998303892099435307373e-08
-5.43019736274414162563779672776e-08
5.31493115278868882416626058485e-08
-5.22879956593472079860656963548e-08
5.11780265418532124629755628732e-08
-5.0349118640625083646244189272e-08
4.9280252572987000374113189162e-08
-4.84825249768530816655345382598e-08
4.7453231610301191609006867794e-08
-4.66855036217059152786910597165e-08
4.56943098328375866567953009336e-08
-4.49554458335494238181022083321e-08
4.40009337246321407186074007758e-08
-4.32898412762371782340000551852e-08
4.23706461330119321675058447868e-08
-4.16862744693195459529241740591e-08
4.08010826090022666088604123009e-08
-4.0142421119662723478446472598e-08
3.92899678819006923461221201318e-08
-3.86560443455646234689320289402e-08
3.78351125478484820897336658979e-08
-3.72249917850882186542266633918e-08
3.6434409783529216099770314642e-08
-3.58471922828968197190244859112e-08
3.5085832124860899828398451706e-08
-3.45206525705360039879308531684e-08
3.37874285999555879895166250381e-08
-3.3243454553072858719490471831e-08
3.25373217074233587226709612246e-08
-3.20137524153616692473354799726e-08
3.13337045410419820636155238959e-08
-3.0829769757219450865186861304e-08
3.01748383659379121544771347623e-08
-2.96897970296107503781857097109e-08
2.90590498642018009754725540362e-08
-2.85921890964965343621736405844e-08
2.79847286001996874754106158667e-08
-2.75353627065855220418696955072e-08
2.69503247891727057073118960242e-08
-2.65177940538765903080919227743e-08
2.5954347017740161973426604383e-08
-2.55380167209331518905671861148e-08
2.49953598145837129522810250625e-08
-2.45946193953273776565539621958e-08
2.40719816923320642279311477641e-08
-2.3686243816467131833619389553e-08
2.31828831869495024897195896414e-08
-2.28115826140746193141841681458e-08
2.23267846610423955532293524102e-08
-2.19693777275544945458766289209e-08
2.15024545903495648822778771278e-08
-2.1158418255004987424884500745e-08
2.07087076848619444419541001014e-08
-2.03775386003177077791195163742e-08
1.99444031097093338151995924629e-08
-1.96256170688377986373782070117e-08
1.92084428741543525341857910955e-08
-1.89015741341074117351351384135e-08
1.84997701734154683499497624902e-08
-1.82043704591798576102067217792e-08
1.78173678642401031871983401419e-08
-1.75330059962232464548226931941e-08
1.71602570189209726276578625723e-08
-1.68865180282001182474260638318e-08
1.65274951560185448650647316695e-08
-1.6263979867002793648716390627e-08
1.59181753826847553667314193473e-08
-1.56644996578096728960367992507e-08
1.53314247347765008064290014483e-08
-1.50872189205610370737730238337e-08
1.47664027884797083301645002734e-08
-1.45313113352907695818456036537e-08
1.4222300763779857642470581576e-08
-1.39959814332833360171223631474e-08
1.3698340108139502532301121991e-08
-1.34804636218026979349056358426e-08
1.31937713111193450018757998059e-08
-1.29840209042128110479992096846e-08
1.27078730421431072590503957482e-08
-1.25059439245914636685622667978e-08
1.22399509823919197332732755583e-08
-1.20455497051993751474574751713e-08
1.17893366341098509929360276753e-08
-1.1602180999518397652317992295e-08
1.13553866123302958900316699461e-08
-1.11752050697467744583884315322e-08
1.09374816112198307070718863568e-08
-1.07640126645490542856359913466e-08
1.0535025358850175858171828618e-08
-1.03680174813291732444073205899e-08
1.01474439113649923791270266269e-08
-9.98665514537654029565618528258e-09
9.77418480148291557878754709293e-09
-9.61938215188501136211761733664e-09
9.41471614424911190036803194007e-09
-9.26567548221668727022967417056e-09
9.06852591733587699943587877088e-09
-8.92503162053452986477681873471e-09
8.73512123684712559987841971445e-09
-8.59696574930399363079755014714e-09
8.41402766053651719251585952266e-09
-8.28101118138157662627681130479e-09
8.10478838517892314785886798959e-09
-7.97671873291593963478505382381e-09
7.80696362540317759805083556645e-09
-7.68365583835707025760025400302e-09
7.52013007153906186800943418509e-09
-7.40140606877726525246696355475e-09
7.24388021433650525265571544078e-09
-7.12956857856440897832300472468e-09
6.97782158573764232062708872763e-09
-6.8677574506672480954370942414e-09
6.72157641133741849832603938226e-09
-6.61560110010504415184286148268e-09
6.47478115653143294457849762926e-09
-6.37274186726192197993818543052e-09
6.23708551506103395743106450146e-09
-6.13883535595240180575324332492e-09
6.00815247713023642774407344368e-09
-5.91355000573039042623206046092e-09
5.78765760555775453757976474486e-09
-5.69656658553813645721976779014e-09
5.57528836552424928603896683552e-09
-5.48757774222191616010441852936e-09
5.37074387498205828735201975479e-09
-5.28628763844100591575248623829e-09
5.17373464652610515719756666893e-09
-5.0924112838172886323655131897e-09
4.98398175953846272426017934317e-09
-4.90567437243772320383615432996e-09
4.80121666373906166440092863873e-09
-4.72581290348844802246568122182e-09
4.62518091603739204788986218511e-09
-4.55257249020708712471534411058e-09
4.45562563966905841317865145407e-09
-4.38570832128939810480033673464e-09
4.29231117375303885884070287258e-09
-4.22498479467716467715801122736e-09
4.13500676408809198549139277096e-09
-4.07017481195550727661426426183e-09
3.98349032957986157250908349379e-09
-3.92105988077829494965350493155e-09
3.83754797063070451242011508465e-09
-3.7774295706415500700339119202e-09
3.69697363826910273706394597154e-09
-3.63908128417314024830762521026e-09
3.56156907234901124323422931099e-09
-3.50581981871054396471426118295e-09
3.43114333426931960094548965035e-09
-3.37745740017323903110987400078e-09
3.30551250651834073520688732454e-09
-3.25381320784858271275590452033e-09
3.18449956862645250820523826364e-09
-3.13471298866613634876107495451e-09
3.06793409802054268234594261033e-09
-3.01998900952812308566790798211e-09
2.95565186892648519254303671232e-09
-2.90947994092325766506356049806e-09
2.8474947808654926760655361659e-09
-2.8030301496121742059214100783e-09
2.74331079090836150050142929421e-09
-2.70048993561033183959663915888e-09
2.64295328045954090170349038545e-09
-2.60171510409636493903221735706e-09
2.5462809934833235720307080093e-09
-2.5065667762317368503790475934e-09
2.45315814888689170396857333859e-09
-2.41491117742784094434534643696e-09
2.3634538961269554774145916907e-09
-2.32661961909277765614591889091e-09
2.27704205733156937354851106041e-09
-2.24156817329962022720280287429e-09
2.19380143266176746329705896301e-09
-2.1596374043552483058613375537e-09
2.11361515770809801940844017462e-09
-2.08071228270356498666093499443e-09
2.03637064000362461191002812034e-09
-2.00468227864174459340337741669e-09
1.96195956692468936712375407539e-09
-1.93144070606384836228900773669e-09
1.89027756209190609044883270034e-09
-1.86088469149481574148409744579e-09
1.82122415019976543002666951954e-09
-1.79291560027360782727941920577e-09
1.7547024904921111292387752037e-09
-1.72743809811267852211732484485e-09
1.6906194202430873031979133882e-09
-1.66436038373670129442998676793e-09
1.628885251871972447400295534e-09
-1.60359426255129872289917265086e-09
1.56941348001032266102693114268e-09
-1.54505476354882789043891173386e-09
1.51212078264032364383314495072e-09
-1.48865984592267922028111887618e-09
1.45692721876468418297997867031e-09
-1.43433068458684421017935696542e-09
1.40375546845421772737927126876e-09
-1.38199144478406171613800320037e-09
1.35253106360437054739206142002e-09
-1.33156880932655972293605317212e-09
1.30318256710008181998242343821e-09
-1.28299231910129383781196841756e-09
1.25564099647986258141374046344e-09
-1.23619414271711765433309630599e-09
1.20983974908469390591972167269e-09
-1.19110890626102712578265100632e-09
1.16571505237057863199983087274e-09
-1.14767364611347211684511733911e-09
1.12320534896705935225317794838e-09
-1.10582769197557599346533944384e-09
1.08225108720070171839703108727e-09
-1.06551287686761014342712015389e-09
1.04279526227808511573037159394e-09
-1.02667285043619494266640424722e-09
1.0047829425933141867655264063e-09
-9.89253382979918189313288969665e-10
9.681609209134644211294681749e-10
-9.53202494092505943316007262395e-10
9.32878201104710622031457851037e-10
-9.1846991988028079840059916228e-10
8.98885688899807629029990718947e-10
-8.85007015102049165205992521891e-10
8.66135988454517068154482104165e-10
-8.52767421190881240687077461431e-10
8.34583474881750385417479608795e-10
-8.21706276968050952470260727469e-10
8.04184217448768601984310909695e-10
-7.91780117839210653197787951841e-10
7.74896046337340666043361747951e-10
-7.62947494350385290564294463347e-10
7.46678121755999355930526741658e-10
-7.35168473381564994487345676834e-10
7.19491131052354306249478465132e-10
-7.08404178298063905496726818357e-10
6.93297421632995669249471348783e-10
-6.8261747223488623011785700089e-10
6.6806053259266868725089266758e-10
-6.57772671119945607262290587602e-10
6.43745158596053994128368110453e-10
-6.33835082372371297471511568515e-10
6.20317717857343325881451663788e-10
-6.10771341521822110415232737022e-10
5.97745787336948989449389680721e-10
-5.885496126919420276345876335e-10
5.75997707269240253582862693955e-10
-5.67139010082204479672478951726e-10
5.55043489943117451150688446385e-10
-5.46509765016726401570060887705e-10
5.34854257258655422320545856176e-10
-5.26633239257074489380660401438e-10
5.1540163396013680767780575725e-10
-5.07482050211404986315575566007e-10
4.96658697748029672385147115295e-10
-4.89029574347889015882131690853e-10
4.7859973930910666875951812474e-10
-4.71250040559452218098440618965e-10
4.61199347469373585179066539789e-10
-4.54118974265388637953639264627e-10
4.44433348953492601279223894779e-10
-4.37612736413508455589426950914e-10
4.28278900955861996503750943832e-10
-4.21708035431834454253436959082e-10
4.12713420996426669386918318813e-10
-4.06383133209631346625963672839e-10
3.97715295057973028961477313578e-10
-3.91617105859011334317142894861e-10
3.83263964078319603448419588454e-10
-3.77388985350733941114336946641e-10
3.69339511341246888258880165358e-10
-3.6367930452005150898887388633e-10
3.55922525854894369663803721337e-10
-3.50469552225571404168262352076e-10
3.42994279976335383592457040558e-10
-3.37740910633626017384550609368e-10
3.30537113503643846438928447505e-10
-3.25475798030966659593527291886e-10
3.18533861618268866766937842174e-10
-3.13657745591200274650534747366e-10
3.06967430090065137039783163634e-10
-3.02270047318830263400690388638e-10
2.9582227274914285591082324391e-10
-2.91296820579188759796523751725e-10
2.85083457553471969580545538136e-10
-2.8072334831932416576218249886e-10
2.74735364437529103351068578894e-10
-2.70534942254409291024933057198e-10
2.64764081177630012098763618263e-10
-2.60717300428406823321338347104e-10
2.55156590077665187652366381225e-10
-2.51257009199976330613844028478e-10
2.45898464588315433333168068152e-10
-2.42141310900615680743199543608e-10
2.36976849630536966536558509109e-10
-2.33357474381460974756874576246e-10
2.28380588409432759671987098181e-10
-2.24892768973715163822107325316e-10
2.20096571962958925361150633693e-10
-2.16736161866956770736677652503e-10
2.1211297413386059810466962089e-10
-2.08876992674353560666875420558e-10
2.0442077189449867185249979788e-10
-2.01302591264731118606274427703e-10
1.97008751888085233154127651303e-10
-1.94003365216488445409401071103e-10
1.89865389030766828140632260121e-10
-1.86972308820341424229576126911e-10
1.82984608372438006949272810072e-10
-1.80193967427611469422788741836e-10
