-2.55649029001031012218509872944e-07
-2.61608131226454914689731699046e-07
-2.67706038445036067615549583987e-07
-2.73945983823427860835963412386e-07
-2.8033127583750238631280860338e-07
-2.86865300026478856593007988468e-07
-2.93551520787907069295858764404e-07
-3.00393483214458247354864371681e-07
-3.0739481497349257834312543855e-07
-3.14559228230414227886160187866e-07
-3.2189052161681163197401987254e-07
-3.29392582244447523889601878166e-07
-3.37069387766148540151722994701e-07
-3.44925008484703542177823160086e-07
-3.52963609510866026085777096347e-07
-3.61189452971640855167694298886e-07
-3.69606900269974192619471106344e-07
-3.78220414397102837326432181811e-07
-3.87034562298729962348141017681e-07
-3.96054017296335127912499307276e-07
-4.05283561564866089631763157453e-07
-4.14728088668124985371365087347e-07
-4.2439260615323454079413144184e-07
-4.34282238205493488878995147692e-07
-4.44402228365091334973282057377e-07
-4.54757942307070489681324661907e-07
-4.65354870686066887520683727289e-07
-4.76198632047255124252239672639e-07
-4.87294975805130715950427150451e-07
-4.98649785291647574613329348819e-07
-5.10269080875341609313010967502e-07
-5.22159023153096719935327245377e-07
-5.34325916216245184760908707583e-07
-5.46776210992731289072226862763e-07
-5.59516508667113046448593829951e-07
-5.72553564180189358146920875631e-07
-5.858942898101576935457291892e-07
-5.99545758837137176774402524959e-07
-6.13515209293055336129373011911e-07
-6.27810047798842774528543971002e-07
-6.42437853490998392109632367936e-07
-6.5740638203957328663889179976e-07
-6.72723569759747347668462583853e-07
-6.88397537819125020656430870292e-07
-7.04436596543013724842897081702e-07
-7.20849249819956243730116086932e-07
-7.37644199609845581738711180197e-07
-7.54830350557009331764442890828e-07
-7.7241681471071624341342585704e-07
-7.90412916355599080428984051089e-07
-8.08828196954540689503419630124e-07
-8.27672420206658611731840354681e-07
-8.4695557722306094329398811274e-07
-8.66687891823099938542161735366e-07
-8.86879825953948739769919229481e-07
-9.07542085236348429034636351581e-07
-9.28685624639484511635154420639e-07
-9.50321654287968140350866506905e-07
-9.72461645404024656248916091972e-07
-9.9511733638801351532721887333e-07
-1.0183007390404982203137556479e-06
-1.04202414492917910935796624999e-06
-1.06630013190401900576725641862e-06
-1.09114157076405870431135697318e-06
-1.11656163207939936434301420043e-06
-1.14257379317199405140820494403e-06
-1.16919184525892539736990731469e-06
-1.19642990076194545192428669161e-06
-1.22430240078715946574832666022e-06
-1.25282412277877981474766538178e-06
-1.28201018835102619970506190178e-06
-1.31187607130228298398075433007e-06
-1.34243760581578038597826661726e-06
-1.37371099485109694803355862014e-06
-1.40571281873095455689783809389e-06
-1.43846004392781138406048023481e-06
-1.47197003205490168624306000084e-06
-1.50626054906649486144756475148e-06
-1.5413497746721857547321388876e-06
-1.57725631197023213106976364389e-06
-1.61399919730499250209495437636e-06
-1.6515979103536820296935618349e-06
-1.69007238444775888532261957919e-06
-1.72944301713440167471294919843e-06
-1.76973068098362853485788076524e-06
-1.81095673464676351722079349071e-06
-1.8531430341720825025197960656e-06
-1.89631194458362441716955601456e-06
-1.94048635172919629662412373261e-06
-1.98568967440392197810984306616e-06
-2.03194587675561474853576544863e-06
-2.07927948097856894610888957298e-06
-2.12771558030244513527859048785e-06
-2.17727985228305180012611103058e-06
-2.22799857240203571845296032228e-06
-2.27989862798266216189504128342e-06
-2.33300753242892578321211055625e-06
-2.38735343979555195980681546464e-06
-2.44296515969649410230670437405e-06
-2.49987217255977680604788968011e-06
-2.55810464523668168351539127514e-06
-2.61769344697347049798837222145e-06
-2.67867016575401767204092813579e-06
-2.74106712502193430872001085608e-06
-2.80491740079092552893262439706e-06
-2.87025483915235289801961074407e-06
-2.93711407418916387339000162449e-06
-3.00553054630558059805156556621e-06
-3.07554052098208986618836993654e-06
-3.1471811079655835598960309657e-06
-3.22049028090464708695109426195e-06
-3.29550689744025720025405803981e-06
-3.37227071976236106727294397634e-06
-3.45082243564307188506091669811e-06
-3.53120367995742004784526756056e-06
-3.61345705670289237110130199648e-06
-3.69762616152919177580022172536e-06
-3.78375560478994714508457937463e-06
-3.87189103512835166979490220118e-06
-3.96207916360897312058357219722e-06
-4.05436778840824968786222398665e-06
-4.14880582007647641016277739734e-06
-4.2454433073843747791778144296e-06
-4.34433146376759772534434378422e-06
-4.44552269438286184804684508798e-06
-4.5490706237896770048386579921e-06
-4.65503012427196016440305442741e-06
-4.76345734481411011324329327077e-06
-4.87440974074651178234553541846e-06
-4.98794610407567951741551748324e-06
-5.10412659451463740441267205594e-06
-5.22301277122947950451491497259e-06
-5.34466762531835778450833157605e-06
-5.46915561303958005649793541747e-06
-5.59654268980572978676437875811e-06
-5.72689634496128291050141834173e-06
-5.86028563736136280762660175081e-06
-5.99678123176982516627335495496e-06
-6.1364554360951753216642939881e-06
-6.27938223948322045761668772079e-06
-6.42563735128582069088725228778e-06
-6.57529824092544441284120121383e-06
-6.7284441786757262361057772837e-06
-6.88515627737860705869475663743e-06
-7.04551753511910586137614170843e-06
-7.20961287887921077008899009564e-06
-7.37752920919282160751263496823e-06
-7.54935544582419284798937772485e-06
-7.7251825744927011255973672843e-06
-7.90510369466737977922187602386e-06
-8.08921406845503646000292152785e-06
-8.27761117060632378608468762149e-06
-8.47039473966467174254665190025e-06
-8.66766683028344368702310801522e-06
-8.86953186673729192040453034318e-06
-9.07609669765414533277279873769e-06
-9.2874706519948867450373747312e-06
-9.50376559630830442123271273314e-06
-9.72509599328947990290721720141e-06
-9.95157896167035368756997870676e-06
-1.01833343374718506300696460598e-05
-1.04204847366474754943388783546e-05
-1.06631556191489972024817253771e-05
-1.09114753544453875114652111056e-05
-1.11655752885269303188676623395e-05
-1.14255898124269463476954111769e-05
-1.1691656432294362312788657543e-05
-1.19639158410509957223112967317e-05
-1.22425119916680973179137423279e-05
-1.25275921720974673452715653088e-05
-1.28193070818931496374559406148e-05
-1.31178109105604511885195817555e-05
-1.34232614176698412700476301107e-05
-1.37358200147739973451645537073e-05
-1.40556518491671222318307316046e-05
-1.43829258895264159087831398742e-05
-1.47178150134764815183327502091e-05
-1.50604960971182193083450426285e-05
-1.54111501065647058504332750362e-05
-1.57699621915273859636824616004e-05
-1.61371217809969025780338774956e-05
-1.6512822681063694452759799125e-05
-1.68972631749246029726849865904e-05
-1.7290646125122571195560985946e-05
-1.76931790780676533481486495392e-05
-1.81050743708884559056860458215e-05
-1.8526549240664320623676875055e-05
-1.89578259360895187322307992028e-05
-1.93991318316219587831582965576e-05
-1.98506995441699236914275678023e-05
-2.031276705237168404838410396e-05
-2.07855778185238613880655988986e-05
-2.12693809132157635643969179062e-05
-2.17644311427281646176799811965e-05
-2.22709891792562314006328344496e-05
-2.2789321694017705308924620633e-05
-2.33197014933087620562873060193e-05
-2.38624076575713446276595652851e-05
-2.44177256835372654862007651966e-05
-2.49859476295157124220696481798e-05
-2.55673722638924322866482014005e-05
-2.61623052169102153323432258247e-05
-2.67710591358019766152018942273e-05
-2.73939538433492623531462228925e-05
-2.8031316499940628659626531971e-05
-2.86834817692059087775122844244e-05
-2.93507919873041637072279275156e-05
-3.0033597335944615453655684445e-05
-3.07322560192217154244158361376e-05
-3.14471344443470793815487152045e-05
-3.21786074063628329991297583046e-05
-3.29270582769224909487626451465e-05
-3.36928791972273660717748788862e-05
-3.4476471275208155217121414049e-05
-3.5278244787042893312097729952e-05
-3.60986193831044696188510567669e-05
-3.69380242984321943960218659342e-05
-3.77968985678237405522773839639e-05
-3.86756912456453095378039463981e-05
-3.95748616304593005114399739686e-05
-4.0494879494570347466808613035e-05
-4.1436225318591829057043862683e-05
-4.2399390531136317886683195777e-05
-4.33848777537347574106973979724e-05
-4.43932010510898864170947764052e-05
-4.54248861867709150712604793121e-05
-4.64804708844568291946884597277e-05
-4.75605050948367768766725238727e-05
-4.86655512682763371069653846046e-05
-4.97961846333590189947644610857e-05
-5.09529934814124959934454606181e-05
-5.21365794571292421807906514175e-05
-5.33475578553911156717143304817e-05
-5.45865579244071360848905571928e-05
-5.58542231752733031851371192644e-05
-5.71512116980626397495790502745e-05
-5.84781964845528353302492319266e-05
-5.98358657576979527902005795426e-05
-6.12249233079493652238609047167e-05
-6.26460888365300608802976878309e-05
-6.4100098305764705432056860257e-05
-6.55877042965667396250128984292e-05
-6.71096763731817303605398095101e-05
-6.86668014552848515611241375645e-05
-7.0259884197528514474320737726e-05
-7.1889747376634459451530401175e-05
-7.35572322861231304600912461744e-05
-7.52631991387713104434825650557e-05
-7.70085274768876539442513662337e-05
-7.87941165904947505172623012371e-05
-8.06208859435046855000314702799e-05
-8.24897756079748343139429467286e-05
-8.44017467065297184508274042081e-05
-8.63577818630346428791649815437e-05
-8.8358885661607173417353422451e-05
-9.04060851140525803841183072329e-05
-9.25004301358109469292922977246e-05
-9.46429940305041961018037155462e-05
-9.68348739831736624039670857655e-05
-9.90771915623005140945356306048e-05
-0.000101371093230703514459847824902
-0.000103717750865411727353646020866
-0.000106118362286611872947854340321
-0.000108574151795773278690593333096
-0.000111086370723055742159961212234
-0.00011365629798410827879743406621
-0.000116285240646368529990849205458
-0.00011897453450497408420239581206
-0.000121725544668397668568449176973
-0.000124539666153917409456564069359
-0.000127418324493031883239482771053
-0.000130362976346926209099061355623
-0.000133375110132090434790497202044
-0.000136456246656184812006407103269
-0.00013960793976423689502844305288
-0.000142831776995244567884935094071
-0.000146129380249245064814916927887
-0.000149502406464893812911357007245
-0.000152952548307578657009811462508
-0.000156481534868073532580645679246
-0.000160091132371713128082837962474
-0.000163783144898045304217737427877
-0.000167559415110890552996075753001
-0.000171421824998712300780479012019
-0.000175372296625172233641362651291
-0.000179412792889718124885595207374
-0.000183545318298024566668058543684
-0.000187771919742081854105830718282
-0.000192094687289704661812411723432
-0.000196515754983212718445470534867
-0.000201037301647018418941995077098
-0.000205661551703843357898765509262
-0.000210390775999277879985266404006
-0.000215227292634391942794530594441
-0.000220173467806106129638493706935
-0.000225231716655033330307805750081
-0.000230404504120506811986474060561
-0.000235694345802516582464095074023
-0.000241103808830280365912285267527
-0.000246635512737178493047895955215
-0.000252292130341778754899079162399
-0.000258076388634667348940393560852
-0.000263991069670780741790450107942
-0.000270039011466900150289227600098
-0.000276223108903922421036164491781
-0.000282546314633454382931471160489
-0.000289011639988195781578866894179
-0.000295622155895473772563297742977
-0.000302380993793172579958000723011
-0.00030929134654716775639643477902
-0.000316356469369228764272616860609
-0.000323579680734197364100346305804
-0.00033096436329509761617787000354
-0.000338513964794679995517351356327
-0.000346231998971767841559443734667
-0.000354122046460658734031573535717
-0.000362187755681745836983109754215
-0.000370432843721473512368924652094
-0.000378861097199728656757106159958
-0.000387476373122797837673936260927
-0.000396282599720090562400026668044
-0.000405283777262929517572892512689
-0.00041448397886383769221987916076
-0.000423887351254887822116917961424
-0.000433498115543808830267547005377
-0.00044332056794664325121563264176
-0.000453359080495797819691794483532
-0.000463618101722300455895531268169
-0.000474102157310958755888352644803
-0.000484815850726882642627441066807
-0.00049576386381149106265253667658
-0.000506950957345666001693795799099
-0.000518381971577163390418885313693
-0.000530061826708773994182299915678
-0.000541995523343076534075746231167
-0.000554188142879006315558165773894
-0.000566644847854919021974684500975
-0.000579370882232426711797024232453
-0.000592371571615073915818838745651
-0.000605652323395936909369852152452
-0.000619218626828495948347108601695
-0.000633076053015626714036423461351
-0.000647230254812245354816002684828
-0.000661686966637939919314015391194
-0.000676452004196718514709985026201
-0.000691531264101677596578543472106
-0.0007069307234027926746533498914
-0.000722656439016041633564835233727
-0.000738714547051584277670421840867
-0.000755111262037702775894165707626
-0.000771852876035682426876516348813
-0.000788945757638893994251327868028
-0.000806396350847220113981783651269
-0.000824211173805911869426343852041
-0.000842396817396267780751750731127
-0.000860959943664491933815186008871
-0.000879907284074957544116324381633
-0.000899245637575001597122104080029
-0.000918981868460283751569306343043
-0.000939122904032438777892355386001
-0.000959675732043837660147078683082
-0.000980647397927192571512322594174
-0.00100204500180987128230003513352
-0.00102387569531352815369040776261
-0.00104614667813858561867812468904
-0.00106886519443007534449496809259
-0.00109203852891659523687006849713
-0.00111567400280833525436086084426
-0.00113977896943425241992053909001
-0.00116436080959377062996051854782
-0.00118942692659602120355821774922
-0.00121498474096049771837890762782
-0.00124104168475736020837985051912
-0.00126760519557297425541353419476
-0.00129468271009527220380408429889
-0.0013222816573221652519665170189
-0.00135040945140221693536453084761
-0.0013790734841180552969208683578
-0.00140828111701841573316640321423
-0.00143803967319445905916064365471
-0.00146835642868195590665658656349
-0.00149923860345638334731765972663
-0.00153069335197698517224418335303
-0.00156272775323224076896022616268
-0.00159534880024524887767722880483
-0.0016285633890130192524825503142
-0.00166237830687527947393089533534
-0.00169680022033027793834647489746
-0.00173183566233010041539308598857
-0.00176749101909012373660956551902
-0.00180377251643359351636342058356
-0.00184068620566520233135243689304
-0.00187823794893447141435283143096
-0.00191643340402193325215651764637
-0.00195527800846991483760262120484
-0.00199477696299234534202393653857
-0.00203493521413367897329727007616
-0.00207575743619564613215433546145
-0.00211724801249484713069892727333
-0.00215941101603542989773032445555
-0.00220225018966691303209937125018
-0.00224576892574832390203631860004
-0.00228997024527265256171881802061
-0.00233485677634799387511477242185
-0.00238043073191241847871846282203
-0.00242669388659456962756277853543
-0.00247364755271407051745446992186
-0.00252129255551315637276510450704
-0.00256962920777809109701417256133
-0.00261865728400754527518956571441
-0.00266837599420589313345408832845
-0.00271878395725334062044131755442
-0.00276987917369454512278581503892
-0.00282165899775848900282726461342
-0.00287412010850598888950235831885
-0.00292725848016838364334946120948
-0.00298106935190745525252054015652
-0.00303554719729303649350393712325
-0.00309068569370592573578027106862
-0.00314647769166345953398278290081
-0.00320291518385264640383924827916
-0.00325998927358403132667485913032
-0.00331769014252204048551209147888
-0.0033760070178429704701450475568
-0.00343492813923908799425555038454
-0.00349444072623286607764958588973
-0.00355453094602429251272490695612
-0.00361518388170613269583242299632
-0.00367638350042549365975785846672
-0.00373811262117064837043334257771
-0.00380035288229937755211107486275
-0.0038630847093989212522047171916
-0.0039262872841931591161301895454
-0.00398993851483391611528750431148
-0.00405401500728671398965374805812
-0.00411849203716991435486605155347
-0.0041833435216961324318307724468
-0.00424854199213124672507291279544
-0.00431405856778385374261652884798
-0.00437986293237035365782938711732
-0.00444592331272268201369790574518
-0.00451220645899746367751825815162
-0.00457867762565180528439023888154
-0.00464530055350345465192685168176
-0.00471203745421431337975226583126
-0.00477884899841375058310299905884
-0.00484569430738353464083179034105
-0.00491253094706035984412517692022
-0.0049793149234483389392602603607
-0.00504600068019856427825597933179
-0.00511254110029585664976004011351
-0.00517888751297166695375384648514
-0.00524498970487951871738419029612
-0.00531079593371056295908472222322
-0.00537625294408787882116662615317
-0.00544130598790452165575137755127
-0.00550589885119437492250193955101
-0.0055699738869100443028337110718
-0.0056334720510878028704171427421
-0.0056963329416408973321361841613
-0.00575849484234994268838647712982
-0.00581989477473636614146546008897
-0.00588046855678192505884060992116
-0.00594015086514900099434743907523
-0.00599887530049498900186488725694
-0.00605657445959301588694900786436
-0.00611318001662205720569964739752
-0.00616862281068947682777237062623
-0.00622283293591282139073372903226
-0.00627573983605703156207766824082
-0.00632727240852818100663723654975
-0.00637735911699254323647956255172
-0.00642592810710615296165837406761
-0.00647290732481813763099509628773
-0.00651822464311120446101011083329
-0.00656180799855031124390158936421
-0.00660358553113122269395685037807
-0.00664348572505061261972425512567
-0.00668143755705901190578011039634
-0.00671737065466619393677705218693
-0.00675121545633326942958962746388
-0.00678290337105261643274589644648
-0.00681236694548758778267050217892
-0.00683954003959947112734063523476
-0.00686435800081706612441045933792
-0.00688675783693421059844519405146
-0.00690667839743197824881049129431
-0.00692406055896791113035693143729
-0.00693884740468339589192225957959
-0.0069509844044784276431703240462
-0.00696041960295422455079483725626
-0.0069671038026301807324913717423
-0.00697099073974979076273594813529
-0.00697203726567497111127336140157
-0.00697020352724945363442898838002
-0.00696545313437122413924296182586
-0.00695775332766305869280909490726
-0.00694707514748085872696714559993
-0.00693339358737223021567075420535
-0.00691668774182733255700972208047
-0.00689694095566983477602063246081
-0.006874140955832221469568033001
-0.00684827997310666174157756103114
-0.00681935486445128368621082515233
-0.00678736721483519551967322769315
-0.00675232342713544438084216636753
-0.00671423481047666269316831488823
-0.00667311764412492798570486485232
-0.00662899323066027008899414596499
-0.00658188794347978022025724698096
-0.00653183324613927814017433348681
-0.00647886570540572807180845771313
-0.00642302699046116021969199394448
-0.0063643638446405784506176850357
-0.00630292805515178956171640223261
-0.0062387763970029224205871010156
-0.00617197055946774528201181908571
-0.00610257706592628144937062728559
-0.00603066716173547394397314036496
-0.00595631669903750812777865064618
-0.00587960599772049084810188190886
-0.00580061968839480288084864412212
-0.00571944654900734955615959620445
-0.00563617931104177464357585236598
-0.00555091446666476900223541335322
-0.0054637520476366868010797972488
-0.00537479539933864106787675396504
-0.00528415093881213094456628098783
-0.0051919278976012214754653939508
-0.0050982380614571680757518556959
-0.00500319548784340997760189395649
-0.00490691622866676249031803180856
-0.00480951802928563602185230152486
-0.00471112003665871258845099234236
-0.00461184248613432084401564381437
-0.00451180639902627484555397430199
-0.00441113326269887851688311641851
-0.00430994472280750006570881893708
-0.00420836226176920721875340802853
-0.00410650689149260478272296381874
-0.00400449883526953973045259260743
-0.0039024572268023340927689535107
-0.00380049980080127266721112810899
-0.00369874260353240036022781644931
-0.00359729969793051631427038827837
-0.00349628288979948135400954711827
-0.00339580145387281123747769129295
-0.00329596187861394204765552728986
-0.00319686761965431607765419919076
-0.00309861886595029110622045998014
-0.00300131232512277582730186864524
-0.00290504101567583706416941780049
-0.00280989408464089223185777832725
-0.00271595663341778941271553726722
-0.00262330956517620519918843058349
-0.00253202945047456681390563026923
-0.00244218840545747800652165437896
-0.00235385399530753120639348097143
-0.00226708915076452750814173242588
-0.00218195210348493418700543955424
-0.00209849634363483156934693241169
-0.002016770590346678420495818429
-0.00193681878245169467218922410012
-0.00185868008866835817023688282035
-0.00178238893088667697123250732716
-0.00170797502587873083028380261084
-0.00163546344469654779223144469569
-0.00156487468452113200403919002213
-0.00149622475541010425265087135926
-0.00142952528275756178890998349118
-0.00136478362136933407955385888499
-0.00130200298040846840566531206207
-0.00124118256056281054192091950483
-0.00118231770176057955461235149386
-0.00112540003893968169890182906556
-0.00107041766544391323684459749188
-0.00101735530400243428909845544439
-0.000966194483946253919633140316847
-0.000916913722954501271902860715102
-0.000869488712342961060121349081697
-0.000823892505303250419386451586234
-0.000780095707243201033284640821819
-0.00073806666709959019897352439088
-0.000697771668544305877571187757269
-0.000659175120207678788900040878218
-0.000622239744164864837933093255629
-0.000586926761945477291036732392371
-0.000553196077319649212079843980661
-0.00052100645514294055375692504839
-0.000490315695605577977697620006836
-0.000461080803303249165802507603118
-0.000433258150612589462095242121009
-0.000406803634913181723278124968246
-0.000381672829252798374161104177915
-0.000357821126107774859122223620744
-0.000335203873946403698748375266092
-0.000313776506358552133030964670368
-0.000293494663569827333570588789868
-0.000274314306211230691297936479245
-0.000256191821265889239141871902561
-0.000239084120162937925754484402852
-0.0002229487290337421145740293138
-0.000207743871189155490187064345697
-0.000193428541915924940772231188646
-0.000179962575727459883189601752562
-0.000167306706236106176840031101172
-0.000155422618842029273793226007427
-0.000144272996457238964276847958956
-0.000133821558507812702655537240304
-0.000124033093488053246331720425033
-0.000114873485376818133883551620311
-0.000106309734245046085443671401993
-9.83099713534514189688592877836e-05
-9.08434689757256014696826240673e-05
-8.38806452057144340825681205764e-05
-7.73930641978928741996426876604e-05
-7.13534324060957175469080415731e-05
-6.57355910422837390197706164408e-05
-6.05145045957905227057907482369e-05
-5.56662458628551251268480604129e-05
-5.11679786461194309899608301251e-05
-4.69979379937928104602612444651e-05
-4.31354071181299655131022308119e-05
-3.95606926988879218764355583104e-05
-3.62550993735280603657601672385e-05
-3.32009011542250945573338805072e-05
-3.03813122215724444998095205017e-05
-2.77804577107145124611684017246e-05
-2.53833414773557209439397430728e-05
-2.31758155653206347063255421403e-05
-2.11445478047230882420650516229e-05
-1.9276989395166797738173647403e-05
-1.75613433744212226069163901299e-05
-1.59865313640410235140366934647e-05
-1.45421628423371411027590141551e-05
-1.32185022487565963515872280443e-05
-1.20064390107943379606449119112e-05
-1.08974559330792504990370953011e-05
-9.88359985590109960704001401677e-06
-8.95745225073706054718606500709e-06
-8.11210028131110702249301214195e-06
-7.34111004570469395126824235787e-06
-6.63849879269165482333038205698e-06
-5.99870960891407049001998116888e-06
-5.41658661807928090681750477042e-06
-4.88735040317089035154371132186e-06
-4.40657536741937658512566211577e-06
-3.97016785821629896206189785923e-06
-3.57434477820521007406526572958e-06
-3.21561348023377130343996958828e-06
-2.89075282110050150172816246785e-06
-2.59679499295584523916799457588e-06
-2.33100818653529522647780553024e-06
-2.09088022488292979122049934648e-06
-1.87410314441194510631577205273e-06
-1.6785586411380410758696895418e-06
-1.50230433536185390561092274642e-06
-1.34356083674820808814400017323e-06
-1.20069959088990572496102350597e-06
-1.07223148007639213660194439648e-06
-9.56796146049471052277661520247e-07
-8.53152001775423291914861138874e-07
-7.60166900220462706056693928669e-07
-6.76809429284410294363615468588e-07
-6.02140803286062844042355029356e-07
-5.35307321698228386212044683373e-07
-4.75533362494318730291642527419e-07
-4.22114870072105423183436148302e-07
-3.74413298821334313107615440752e-07
-3.31850006107354403868511718428e-07
-2.93901127859947675034497753532e-07
-2.60092894567321079661006890532e-07
-2.29997180436508115311880495746e-07
-2.03227276285645283996345706289e-07
-1.79434306188919464605403667791e-07
-1.58304013252765411391860799623e-07
-1.39553200101602121373789975635e-07
-1.22927001070921013047430501129e-07
-1.08196559269796604509409568978e-07
-9.51559374725246005213076831361e-08
-8.36206520469293307764183987608e-08
-7.34250185107514007606377133379e-08
-6.44207873575288746749149967029e-08
-5.64750819096042939376053004189e-08
-4.94692612951096917195235739065e-08
-4.32970339601987934297048382128e-08
-3.7863834332083317639244048362e-08
-3.30849726999079622885274862189e-08
-2.88851557471495118774282203624e-08
-2.5197368210258656385070626907e-08
-2.19617889713717858559976386142e-08
-1.91253574436362115105569230503e-08
-1.66410050385738488449472339149e-08
-1.44668700632615751855623606827e-08
-1.25658049885699857406689072619e-08
-1.0904937991403296319310198628e-08
-9.45519476971302690161597949686e-09
-8.19085614656209509452252878238e-09
-7.08918466463351154570438181386e-09
-6.13010162064347283167662275142e-09
