0.999999528694550554597242353339
0.999999516250707598530311770446
0.999999503448017357243315927917
0.999999490274887326002328791219
0.999999476719303781457881541428
0.999999462768814906254988272849
0.999999448410513469553961840575
0.999999433631018175283600157854
0.99999941841645489937207003095
0.999999402752436483687858981284
0.999999386624042085891517217533
0.999999370015795752131282370101
0.999999352911643435426469750382
0.999999335294929569961652759957
0.999999317148372868224726062181
0.999999298454040119743524428486
0.999999279193319989822441584693
0.999999259346894597832999806997
0.99999923889471098448211705545
0.999999217815950358634324857121
0.999999196088996678000171414169
0.999999173691403564490087774175
0.999999150599859554233717062743
0.999999126790152792487731403526
0.999999102237132841963784812833
0.999999076914671936044953781675
0.999999050795624011556128607481
0.999999023851781965177565325575
0.999998996053833577590808090463
0.999998967371314551044747531705
0.999998937772560436698654484644
0.999998907224656119474559545779
0.999998875693382638374373527768
0.999998843143162785551680826757
0.999998809537002930625249064178
0.999998774836433623747211640875
0.999998739001446756979873953242
0.999998701990430172159562971501
0.999998663760099715247520180128
0.999998624265427848989418180281
0.999998583459569378995013266831
0.999998541293784293237933979981
0.999998497717356382707976081292
0.999998452677509197528138429334
0.999998406119317340134955429676
0.99999835798561520494587284702
0.999998308216900499978407879098
0.999998256751234215755630430067
0.999998203524135709230336033215
0.999998148468474123973237510654
0.999998091514353704134521194646
0.999998032588995555691724348435
0.999997971616613190448674686195
0.999997908518282963008516617265
0.999997843211809178676219289628
0.999997775611582540022936882451
0.999997705628433375402153160394
0.999997633169477539993863501877
0.999997558137956654711331339058
0.999997480433070129457462371647
0.999997399949800858109938417329
0.999997316578732919900573961058
0.999997230205861731278105253296
0.999997140712395204964479944465
0.999997047974546915405369418295
0.999996951863320493458786586416
0.99999685224428358498727220649
0.999996748977333371755094049149
0.999996641916451101117502275883
0.999996530909446068591250877944
0.999996415797689275350990101288
0.999996296415834207138573219709
0.999996172591527510142839219043
0.999996044145105011935470429307
0.99999591088927675119890636779
0.999995772628797241488030067558
0.999995629160121968226349054021
0.99999548027104911973594880692
0.999995325740346219234311320179
0.999995165337360769619579059508
0.999994998821614244910449542658
0.999994825942378540162280842196
0.999994646438235212926315398363
0.999994460036615628872880279232
0.999994266453321234422446650569
0.999994065392024511496060767968
0.99999385654374828291679477843
0.999993639586323257439914868883
0.999993414183823037255649524013
0.999993179985975255696928343241
0.99999293662754862310748649179
0.999992683727713438379680610524
0.999992420889377120474250659754
0.999992147698490319029929196404
0.999991863723326379620459647413
0.999991568513729611744622616243
0.999991261600333358749992385128
0.999990942493745760266676825267
0.999990610683702652039528402383
0.999990265638185937824289339915
0.999989906802505656990831539588
0.999989533598345636811188796855
0.999989145422770286941727135854
0.999988741647191758943336026277
0.999988321616295694482801081904
0.999987884646924118925426228088
0.999987430026914148051275788021
0.999986957013890509493592162471
0.999986464834011212765574327932
0.999985952680663148228745740198
0.999985419713107726025214105903
0.999984865055073113282446684025
0.999984287793292736523653729819
0.99998368697598694065931113073
0.999983061611287360470612384233
0.999982410665600895960380967153
0.999981733061911293169998771191
0.999981027678017997395443217101
0.99998029334470794893263700942
0.999979528843860210329808069218
0.999978732906480094477785769413
0.999977904210661239225998997426
0.999977041379473963189639107441
0.999976142978775905945099111705
0.999975207514945063635991573392
0.999974233432531778298368863034
0.999973219111826794325281753117
0.99997216286634538207067635085
0.999971062940221977477506243304
0.999969917505516781019991867652
0.999968724659428653822601518186
0.99996748242141453300035891516
0.999966188730211369417588684883
0.999964841440760143775889901008
0.999963438321027409116936723876
0.999961977048724470762408600422
0.999960455207920873021976149175
0.99995887028554986120099101754
0.999957219667804486640250161145
0.999955500636421912297180369933
0.999953710364854475578511028289
0.999951845914324843889176008815
0.999949904229764152674420074618
0.999947882135632015732085164927
0.999945776331614966103700226085
0.999943583388204659812004138075
0.999941299742152178708920473582
0.9999389216917985434562865521
0.999936445392280992550126939022
0.999933866850613140009329526947
0.999931181920639011728724199202
0.999928386297861071518866538099
0.999925475514142347854829040443
0.999922444932281329066370290093
0.999919289740462846616253500542
0.999916004946582503976060252171
0.999912585372449425058505312336
0.999909025647865434827110675542
0.999905320204585112975337324315
0.99990146327015716476438456084
0.999897448861650994800243097416
0.999893270779270926240656081063
0.999888922599862173257179165375
0.999884397670311231287598729978
0.999879689100847457439158461057
0.999874789758248283533248468302
0.999869692258956277441939164419
0.99986438896211182747464363274
0.999858871962509554442988246592
0.999853133083485112742039291334
0.99984716386974137325438505286
0.999840955580120871459826048522
0.999834499180334845824802414427
0.999827785335658969501082538045
0.999820804403604768140212399885
0.999813546426580268544626051153
0.999806001124549648118033928768
0.999798157887704763702174659556
0.999790005769163658833065255749
0.999781533477707484713903340889
0.999772729370571267004663695843
0.999763581446304727684548652178
0.999754077337717594886612459959
0.999744204304926054049929007306
0.999733949228517881913091969182
0.999723298602853249761324150313
0.999712238529519181540194949775
0.999700754710955763471247337293
0.99968883244427320100555789395
0.999676456615278041795136232395
0.999663611692728992785816899413
0.999650281722838762732408213196
0.999636450324045022775010238547
0.999622100682065917176544189715
0.999607215545260885392053751275
0.999591777220315447216592019686
0.999575767568266160267853592813
0.999559168000885178706482747657
0.999541959477439623249495070922
0.999524122501840861509947444574
0.999505637120199019740596213524
0.999486482918795271501721799723
0.999466639022482450371853701654
0.999446084093524089730919968133
0.999424796330879994243900910078
0.999402753469942006780968313251
0.999379932782723634510091414995
0.999356311078504311318226882577
0.999331864704923300557481979922
0.999306569549519463357967197226
0.999280401041705457210184704309
0.999253334155164485430589138559
0.999225343410651167808111949853
0.99919640287917743659562574976
0.999166486185554814092313336005
0.999135566512266093397443000867
0.999103616603629673953435030853
0.999070608770217916116962442175
0.999036514893483995614076320635
0.999001306430549407266994421661
0.998964954419095052529087297444
0.998927429482297291052361742913
0.998888701833744674374315763998
0.9988487412822626421160521204
0.998807517236573683128142420173
0.998764998709711693258839204645
0.998721154323105264616344811657
0.99867595231024330892921625491
0.998629360519826758668671118357
0.998581346418313642310238265054
0.998531877091754171971160758403
0.998480919246817144596661819378
0.998428439210900409150895029597
0.998374402931222593160498490761
0.998318775972787841865851987677
0.998261523515120319238747015334
0.9982026103476606682107785673
0.998142000863725398218662121508
0.998079659052926504436697996425
0.998015548491957837917709639441
0.997949632333656411198319347022
0.997881873294255483664016992407
0.997812233638750489816970912216
0.997740675164310641953591130004
0.997667159181675256007792995661
0.997591646494485728702272808732
0.997514097376516084558772945456
0.997434471546774448214023323089
0.997352728142465227989532650099
0.997268825689810012313785136939
0.997182722072746052788261295063
0.997094374499529645383688603033
0.997003739467292260378883383964
0.996910772724609373085513652768
0.996815429232158267680574681435
0.996717663121557739813738407975
0.996617427652494392020798841259
0.996514675168257535453619766486
0.996409357049815813667237307527
0.996301423668581875858762941789
0.996190824338023639406003439944
0.9960775072642871208472570288
0.995961419496007027696293789631
0.99584250687348685460165143013
0.995720713977431115537797268189
0.995595984077420670388391954475
0.995468259080314665787625472149
0.995337479478766273821577215131
0.99520358430003141858577464518
0.995066511055242797212372352078
0.994926195689312509173873877444
0.994782572531616837707701961335
0.994635574247599185682133793307
0.99448513179141451168163712282
0.994331174359721958744273706543
0.994173629346709719634134216903
0.994012422300422082699355996738
0.99384747688043140190217172858
0.993678714816882524551999722462
0.993506055870912452299137385126
0.993329417796425584441522005363
0.993148716303190015608493013133
0.992963865021192604309874241153
0.99277477546618020376456570375
0.992581357006291686850829592004
0.992383516829675071946326170291
0.992181159912967181035980956949
0.991974188990507932395246371016
0.991762504524150600992982163007
0.99154600467352549397759275962
0.991324585266612601230917789508
0.99109813977048066835351392001
0.990866559262050361489571059792
0.99062973239874918540692760871
0.990387545388930701228957786952
0.990139881961941470400745402003
0.989886623337731808014439138788
0.989627648195919085161165185127
0.989362832644224421407841418841
0.989092050186221594110236310371
0.98881517168834742737004717128
0.988532065346142130302098394168
0.98824259664969671401735240579
0.987946628348302824385029907717
0.98764402041430965351054283019
0.987334630006205804519936464203
0.987018311430953199092641625612
0.986694916105610997369979031646
0.986364292518296603695659996447
0.986026286188536937871162990632
0.985680739627072366459969998687
0.985327492295183016146609134012
0.984966380563611076937036159507
0.984597237671160252503455012629
0.984219893683057511779566084442
0.983834175449165293514397490071
0.983439906562134646961226280837
0.983036907315592345391053186177
0.982624994662449458004971347691
0.982203982173420864221213832934
0.981773679995837977863004653045
0.98133389481283217481433212015
0.980884429802962531930177192407
0.980425084600352048092020140757
0.979955655255400404080035059451
0.979475934196131436948462578584
0.978985710190244606820897388388
0.97848476830793873482150502241
0.977972889885588170244545835885
0.977449852490364312629367304908
0.97691542988590129859005628532
0.976369391999122870906546722836
0.97581150488834667022786106827
0.975241530712788740054008940206
0.974659227703584152280313901429
0.974064350136430667781439751707
0.973456648305945582144715899631
0.972835868501814360342905274592
0.972201752986793343858096250187
0.971554039976628702746097587806
0.970892463621956469665974509553
0.970216753992270142248344200198
0.969526637062067764283312953921
0.968821834699330031170916299743
0.968102064656507055318002130662
0.967367040564220737053346965695
0.966616471927889464588190548966
0.965850064127466434449331700307
0.965067518420445913385208314139
0.964268531948241358620066421281
0.963452797745991906808171734156
0.962620004755823654996049754118
0.961769837843595154502907007554
0.960901977819193842123013382661
0.960016101460525961286407437001
0.959111881541430233433231933304
0.958188986863819036621237046347
0.957247082294391815615597352007
0.956285828806235915777733680443
0.955304883525543213629305228096
0.954303899783542464163588192605
0.953282527173618277060995751526
0.952240411613513360045146782795
0.951177195412529541407309352508
0.950092517343766207460475925473
0.948986012721628968691334193863
0.947857313485041430567434872501
0.946706048286900636590246449487
0.945531842590280002802671788231
0.944334318771676284320903960179
0.943113096231293801530171094782
0.94186779151008248600618344426
0.940598018413131287118744694453
0.939303388139164363579425298667
0.937983509416252414503389900347
0.93663798864429903545669731102
0.935266430045152752370540838456
0.933868435821149867059887128562
0.932443606322461704394299886189
0.930991540222973257279193148861
0.929511834703894312958993850771
0.928004085644224763207432715717
0.926467887817694513152844137949
0.924902835096670372649896307848
0.923308520664276155542893320671
0.9216845372360952248769194739
0.920030477292109960529842282995
0.918345933318294616043431233265
0.9166304980562710591485142686
0.914883764759398032673232137313
0.913105327454800552722247175552
0.911294781212523274938064332673
0.909451722424052477755651580082
0.907575749091945827018435011269
0.905666461130345101793182038818
0.903723460673995782066469928395
0.901746352392782446472097035439
0.899734743810475023906292335596
0.897688245629356340593574259401
0.895606472064287895129552907747
0.893489041188698762674391673499
0.891335575291352100180120032746
0.889145701239433261520161977387
0.886919050843678502538125485444
0.884655261225353650722524889716
0.882353975189573702664347365499
0.880014841610113451864094713528
0.87763751582607674173175382748
0.875221660044579352621951784386
0.872766943742304013298394238518
0.870273044064658107821230714762
0.867739646229038985580928056152
0.865166443939869744816917318531
0.86255313981510928211804412058
0.859899445814616858463352855324
0.857205083661041644660372185172
0.854469785255085989561507631151
0.851693293096907333428191577696
0.848875360721165650446096151427
0.846015753137889126023196695314
0.843114247263398897125341591163
0.840170632336992406763442886586
0.837184710337331772223024017876
0.834156296412906561599243104865
0.831085219319923629299751155486
0.827971321845756946800065634307
0.824814461210351179687449985067
0.82161450946481429102874471937
0.818371353906197862571048062819
0.815084897496103577552162278153
0.811755059253833732846317161602
0.808381774622457083268045607838
0.80496499583915304132375467816
0.801504692324023326754911522585
0.798000851056191340404666334507
0.794453476908439037984521746694
0.790862592964902133552129726013
0.787228240860338823736697122513
0.783550481121993547262150059396
0.779829393464889553122532106499
0.776065077051242058203683882311
0.772257650769724968142782017821
0.768407253527738642873146091006
0.764514044492033195687952229491
0.760578203281236486787975081825
0.756599930181533819606443103112
0.752579446377815819424483834155
0.748516994119707179677902786352
0.744412836838701630348680282623
0.740267259302743507731747740763
0.736080567772494309686237556889
0.73185309007008914061742643753
0.727585175623171043213233133429
0.723277195562678443252480064984
0.718929542776004626425390142686
0.714542631866317945465993943799
0.71011689914739994922143750955
0.705652802665819645078215671674
0.701150822111275773274030598259
0.696611458701533625692547957442
0.692035235142184901313555656088
0.687422695501211267199437315867
0.682774404998368389385632326594
0.678090949884010196768713285564
0.673372937272122329410706242925
0.668620994847819893891482934123
0.663835770664773172633488229621
0.659017932925065386129404032545
0.654168169610263028346253122436
0.649287188209512144965174229583
0.644375715433908591300848911487
0.639434496772478100368175546464
0.634464296169989672158351368125
0.629465895659332974609867505933
0.624440094850810312188116313337
0.619387710577703365366630805511
0.61430957642199346402378523635
0.609206542168316156349305856565
0.604079473413388079450214718236
0.5989292509670448572123291342
0.593756770328364269495580174407
0.588562941203265133083277760306
0.583348686822669604268298826355
0.578114943467244568608975896495
0.57286265981369854927152118762
0.567592796305057989414422081609
0.562306324609977425943441176059
0.557004226861699591744070403365
0.551687495135312677696504124469
0.546357130691379477838154343772
0.541014143352582910218018241721
0.535659550837525477717804278655
0.530294378009459776990297541488
0.524919656289504432677972545207
0.519536422826636923311127702618
0.514145719934764100500501626811
0.50874859424687035591716721683
0.503346096130643627653000748978
0.497939278865447754185424855677
0.492529198020581426842312566805
0.487116910665653712886324910869
0.481703474718809976362621227963
0.476289948183777012147288587585
0.47087738848695975812930214488
0.465466851727301622609900277894
0.46005939202474371851891987717
0.454656060767757552731893611053
0.449257905994598916166182789311
0.44386597162661811655226529183
0.43848129689686571319739982755
0.433104915568554571514425788337
0.427737855407933798002062530941
0.422381137411234730549836058344
0.417035775288891741308106020369
0.411702774755080325164158239204
0.406383132965856874729837500126
0.401077837931215264166695533277
0.395787867874171639392955057701
0.39051419076181309586459633465
0.38525776364902669657297451522
0.380019532218422328995188763656
0.374800430244327131834580768555
0.369601379042171329647459288026
0.364423287068085577367071437038
0.359267049377794023268251066838
0.354133547192233999467703142727
0.34902364751298342593344159468
0.343938202638150447576492751978
0.338878049800928393686660911044
0.333844010822608450173021310547
0.328836891698781552673125361252
0.323857482284226561031204028041
0.318906556006629926525164364648
0.313984869526998500166570238434
0.309093162457198256110046941103
0.304232157135663205949072107614
0.299402558375575500448917409813
0.294605053219217649651540114064
0.289840310751322993709777620097
0.285108981934630745236347593163
0.280411699435214212261513466729
0.275749077464827518912926507255
0.271121711662580755497486961758
0.266530178999919098448145859948
0.261975037691340340018086862983
0.257456827116033792890448239632
0.2529760677624546261199611763
0.248533261197156296606891601186
0.244128890051262426030831420576
0.239763418020066426672443071766
0.235437289876361088847289693149
0.231150931499872092089731268061
0.226904749923738768835335122276
0.222699133397241427756441112251
0.218534451463414547411900912266
0.214411055050537396882148755139
0.210329276576989826486041579301
0.206289430069193646666292352165
0.202291811292340389938360090127
0.198336697893499530609418002314
0.194424349556609032951826065982
0.190555008168807493706964351077
0.186728897997558013210905869528
0.182946225878019175237199078765
0.179207181410128035814466329612
0.175511937164862075189120105279
0.171860648899151730040202323835
0.168253455778922839103373121361
0.164690480609767292419221007549
0.161171830074753469341786171753
0.157697594978888411265671720685
0.154267850499686193233017661441
0.150882656443150658942542463592
0.147542057504325446748438821487
0.144246083531647778519513281026
0.140994749794982249246899641548
0.137788057258204227339959402343
0.134625992857185072804071523933
0.131508529781332428321150018746
0.128435627753225284353177926278
0.12540723330342723462749177088
0.122423280048758742477588157271
0.119483688984988192793856853768
0.116588368781516918404328464476
0.113737216051927797488829696704
0.11093011562012898563178708855
0.108166940825088417343913249624
0.10544755381533553462158891989
0.102771805787132214371482064053
0.100139537274215748019479121922
0.0975505784609029119591738776762
0.0950047493926110681039531868919
0.0925018602742261192295458727131
0.0900417117616394008239311119723
0.0876240951482285951312789507028
0.0852487927129944450532761379691
0.0829155778938858167848025004787
0.0806242155871284144064148335929
0.0783744623698948011947251757192
0.0761660667352369036287029757659
0.0739987693430008419692711640892
0.0718723032279083157147780980267
0.0697863940328672799351394928635
0.06774076023632902288085233522
0.0657351133236197260334421343941
0.0637691580643829775132402915006
0.0618425926206701698228940244917
0.0599551088246729549369185008345
0.058106392325785544139549188003
0.0562961227525878363242561874813
0.0545239739468397349719808175905
0.0527896140929310642153637900265
0.0510927058703754821689102527671
0.0494329066477733752860146410057
0.047809868628387174049887420324
0.0462232389765350679122768440266
0.0446726599643497146452375545778
0.0431577691190717510627550268509
0.0416781993533762232240214018475
0.0402335790855408714783436607831
0.0388235323579400326554633693377
0.037447678954113355898059012361
0.0361056345118294721996399232467
0.0347970106311407470500718375206
0.0335214149779285916497251207602
0.032278451383732288670902477179
0.0310677199424323896570498959591
0.029888817104185196743548758036
0.0287413357669861792287324675499
0.0276248653662638024575137762895
0.0265389919628104091475773174125
0.0254832983290125096587086517275
0.0244573640330131535092217376359
0.0234607655213358266832468501661
0.0224930762035844000745754556192
0.021553866544027418250539795963
0.0206427041547097636642327245227
0.0197591538723916326780738472735
0.018902777829603506498656884105
0.0180731355701618835729593826045
0.0172697841711816242604715654352
0.0164922782824883755459222101081
0.0157401702436827869990842998504
0.0150130102599045304329061778503
0.0143103463967409159918187100402
0.0136317248010166883198657217235
0.0129766897755680555431867517768
0.0123447838976562737633990707309
0.0117355482111844398873667927319
0.0111485222971964784838272422007
0.0105832444899069469390617825866
0.0100392520120869480071412738198
0.0095160811032823835325933359286
0.00901326730828734025424697762219
0.00853034551863292821172191082724
0.00806685026983190722749128553914
0.00762231595046910029300768485427
0.00719627694046231884683617607834
0.00678826787963819275328880564757
0.006397823930817151186212221603
0.00602448099670853647741308733998
0.00566777595990750494153731509073
0.00532724695545476988056687872586
0.00500243365169478898524246801571
0.00469287753216847923487531346609
0.00439812218339412884515748913827
0.00411771359178016421037638039593
0.00385120044933289201044557259479
0.00359813446668250059776172911086
0.00335807069220417191146577096106
0.00313056783662619009939165337641
0.00291518860336333496957594846322
0.00271150002512595853995658323754
0.00251907380423417809681141399381
0.00233748664628812777982469484073
0.00216632057863010455897589956464
0.00200516327975702735031404699839
0.00185360846379713467384220404455
0.00171125624322874376158354348121
0.00157771333988838404968624296032
0.00145259340172990830675203710598
0.0013355175358147816904591520526
0.00122611437632239657531674215107
0.00112402036412638669203578611899
0.0010288803770626370019669604261
0.000940347427647903323470746084212
0.000858083542488584914177673912405
0.000781759426650862894285498594371
0.000711055183397397570950471124007
0.000645660035131357724381973017813
0.000585273050430894573037399197801
0.000529602598552735915130029731301
0.000478367385883826027985488149596
0.000431295550996848946461587059886
0.000388125641656988516932369481793
0.000348606278957188622964757929168
0.000312495865793845724236316163669
0.000279563459239406085499179965836
0.000249588058999185063904086012698
0.000222358453274967311904738997974
