5.7527756427473460533548316187e-05
5.7474763652474601585001812154e-05
5.74205760694992614623366478099e-05
5.73651677120150355298870692433e-05
5.73085120965098309265932374768e-05
5.72505822145887035786761265488e-05
5.71913505250877307389476000843e-05
5.71307889461970789157958805493e-05
5.70688688476285986301422825662e-05
5.7005561042816710955356829249e-05
5.69408357811733550879994270044e-05
5.6874662740406077142581164896e-05
5.68070110189248608941435525477e-05
5.67378491283258216786034022761e-05
5.66671449859930173435264288972e-05
5.65948659078205920875195844566e-05
5.65209786010726681856376762969e-05
5.64454491574051700855142732483e-05
5.63682430460564316766942927206e-05
5.62893251072455434724783884803e-05
5.62086595457761832085076536547e-05
5.6126209924888247624133463809e-05
5.6041939160376746855568574901e-05
5.59558095149915342967662790219e-05
5.58677825931605691648328126941e-05
5.57778193360549060376800400984e-05
5.56858800170323420004186987242e-05
5.55919242374819068874466920782e-05
5.54959109231166575703329824076e-05
5.53977983207364264536289033547e-05
5.52975439955067450724726652034e-05
5.51951048287917069089074384447e-05
5.50904370165795974172151527881e-05
5.49834960685539563787944949969e-05
5.48742368078441571923806185929e-05
5.47626133715171874269574125993e-05
5.46485792118504208570925473332e-05
5.45320870984567147073812654057e-05
5.4413089121302266070769049211e-05
5.42915366946899842427905202857e-05
5.41673805622665599708055739203e-05
5.40405708031238402847158674991e-05
5.39110568390672182173539717098e-05
5.37787874431222288396960140577e-05
5.3643710749363621224754250516e-05
5.35057742641443793616372326394e-05
5.33649248788150738233813930034e-05
5.3221108884038501735114223834e-05
5.30742719857665238691185605191e-05
5.29243593230144005216605829212e-05
5.27713154875279546475973224684e-05
5.2615084545443586679439040843e-05
5.24556100610859904411105436584e-05
5.22928351230075315922256329326e-05
5.2126702372414463273770507401e-05
5.19571540341136272017456831929e-05
5.17841319501251265877868334986e-05
5.16075776161163167292909859096e-05
5.14274322208169788793810650596e-05
5.12436366885936491833222761194e-05
5.10561317253401019322298082237e-05
5.08648578678988556758637507027e-05
5.06697555371877301957223016515e-05
5.04707650952557825441840977376e-05
5.02678269064660892466271657764e-05
5.00608814030576820645890290251e-05
4.98498691552984294380994334528e-05
4.96347309465124366853992776694e-05
4.94154078532142146179192976341e-05
4.91918413306443637073722685571e-05
4.89639733040023340934418505377e-05
4.87317462656654317039971180403e-05
4.84951033787302612527297940304e-05
4.82539885871981398209919211784e-05
4.80083467331771755206258622817e-05
4.77581236814489452674643843455e-05
4.75032664518077433904799655728e-05
4.72437233595657902823425344785e-05
4.69794441646698252251605765206e-05
4.67103802298501400813539319312e-05
4.64364846883015525667859346726e-05
4.61577126213768781665819362914e-05
4.58740212468053081928780201348e-05
4.55853701179841647585060104841e-05
4.52917213349202522399729320401e-05
4.49930397674001960944475952964e-05
4.46892932910318945436724258347e-05
4.43804530367978669375302047673e-05
4.4066493654823807194029910983e-05
4.37473935930544224437270528494e-05
4.34231353916309924679400866765e-05
4.30937059937210669119216077672e-05
4.27590970736492644553583541978e-05
4.24193053831929171534377565056e-05
4.20743331169518735342810478173e-05
4.17241882977290349469173813546e-05
4.13688851829497469749126470351e-05
4.10084446931186571028843390607e-05
4.0642894863448561341718462403e-05
4.02722713197755285952604553668e-05
3.98966177799706112061528529011e-05
3.95159865820927854460423156446e-05
3.91304392405996483194144386353e-05
3.87400470319869256433271964557e-05
3.83448916112799761610197002426e-05
3.79450656608994912107751806829e-05
3.75406735734505793292484221446e-05
3.71318321700858319529131579273e-05
3.67186714561665837087967023677e-05
3.63013354159992594587247349835e-05
3.5879982848541302315695938896e-05
3.54547882460300964628172049053e-05
3.50259427175845622056196693173e-05
3.45936549599201736710646359896e-05
3.4158152277425275517453578944e-05
3.37196816539163773105737542668e-05
3.32785108785394124130893600544e-05
3.28349297283438639567451633461e-05
3.23892512101983860196841025214e-05
3.19418128648349023508343225153e-05
3.14929781359023008369471541279e-05
3.10431378070677733960712474381e-05
3.05927115103134909259406659654e-05
3.01421493087193972937321007066e-05
2.96919333571621314651206580137e-05
2.92425796445001454624580683461e-05
2.87946398209864270545995518225e-05
2.83487031147550072802173554143e-05
2.79053983414639211171805882605e-05
2.7465396011268850484047382432e-05
2.70294105375239706982610360386e-05
2.65982025517598310909630349164e-05
2.61725813296754336730823992108e-05
2.57534073330763524118259405471e-05
2.53415948728771845690436320675e-05
2.49381148984867523333251726481e-05
2.45439979191032665991820116425e-05
2.41603370626472421485789188189e-05
2.37882912783023268857383186736e-05
2.34290886888016763542081505323e-05
2.30840300988930311723492522225e-05
2.27544926665811212155784981626e-05
2.24419337440235591892012667614e-05
2.21478948951751782340743868183e-05
2.18740060975260359500682572076e-05
2.16219901355243838460013644509e-05
2.13936671935148424428772828687e-05
2.11909596562955529128451787058e-05
2.10158971256205273170445529951e-05
2.08706216612563149573507381707e-05
2.07573932554404167708135553472e-05
2.06785955498420476791204825062e-05
2.06367418043801057673906906853e-05
2.06344811275155163297120169963e-05
2.06746049778409918707289955053e-05
2.07600539470821948055765521213e-05
2.0893924834804355252513077823e-05
2.10794780253858452716362453794e-05
2.13201451779902747900828641203e-05
2.16195372405059588758260979979e-05
2.19814527985744073777362589395e-05
2.24098867710160486502700416533e-05
2.29090394630972563896290777885e-05
2.34833259892055141754719366221e-05
2.41373860766076303282015591556e-05
2.48760942620155755394817376214e-05
2.57045704927307467918973921117e-05
2.66281911441327583567502401696e-05
2.76526004652281606548906017773e-05
2.87837224638910109744682763733e-05
3.00277732432760890329045272429e-05
3.1391273800704519100768230544e-05
3.28810633000325798686903910895e-05
3.45043128282273390693320191946e-05
3.62685396464287182548107135727e-05
3.81816219453366277776507065056e-05
4.02518141141536796366422190641e-05
4.24877625316831970250439076686e-05
4.48985218873957693270365654215e-05
4.74935720393976967064648964101e-05
5.02828354152551798604900423761e-05
5.3276694960472242574688744865e-05
5.64860126381876436222825854649e-05
5.9922148482213781386495482506e-05
6.35969802039932686783113569007e-05
6.7522923352296865826330241056e-05
7.17129520225712847403612415498e-05
7.61806201107510978526998757232e-05
8.09400831040274921493113402526e-05
8.6006120398560441300123136088e-05
9.13941581313886116603312226303e-05
9.71202925108039817874566734801e-05
0.000103201313626273243474577856471
0.000109654729715496203020820564777
0.000116498791862498947673881799503
0.000123752519096625632471359024223
0.000131435723858062497538742863235
0.000139569037790933554721295450918
0.000148173937820182221973552838534
0.000157272772463301434677299117659
0.000166888788322542679781745889045
0.000177046156697495242222234468343
0.000187770000251911718105665705103
0.000199086419662327469490281650621
0.000211022520169455035394384667669
0.000223606437946454247997149500371
0.000236867366191094897050206657951
0.000250835580841490715479913387043
0.000265542465807554813484597788786
0.000281020537602635032958797722813
0.000297303469251955553107752416864
0.000314426113346592611078739176733
0.000332424524103772317876193120867
0.000351335978286373929943553484634
0.000371198994826716656934839644322
0.000392053352992099534823217110713
0.000413940108922199883918074947431
0.000436901610361458542491214229742
0.000460981509403091875651942155301
0.000486224773055461711480929043461
0.000512677691436384721374031059327
0.000540387883396681464008570738855
0.00056940429937104534031250269166
0.000599777221252276605129027942098
0.000631558259084324794853382289972
0.000664800344370537841381940680208
0.00069955771979629934390065848504
0.000735885925170025908918780555013
0.000773841779393519063265372004423
0.000813483358282197249224110269239
0.000854869968067958224157421032174
0.000898062114432634844493619219463
0.000943121466938418267882127121737
0.000990110818743505710290420118724
0.00103909404151679993569268312115
0.0010901360354949869539697981935
0.00114330267465895078771165316311
0.00119866074704445932548602105072
0.00125627789024448108592957318308
0.00131622252220760607190064295224
0.00137856376748877085432198885684
0.00144337137916503393912648345321
0.00151071565669034005817417121165
0.00158066736002903675782638170944
0.00165329762047814973237314095655
0.00172867784866281024372391961208
0.00180687964026738289921580893349
0.00188797468014627366564295307683
0.0019720346455424715877147168186
0.00205913110922783647999123601835
0.00214933544346608725039704523851
0.00224271872578627991592914447949
0.00233935164764008298593500612128
0.0024393044270989076675870688149
0.00254264672682540191633870918508
0.00264944757862615662413752204429
0.00275977531595678320791575899307
0.00287369751580469423926644800815
0.0029912809514166961016856660649
0.00311259155736548628543025607485
0.00323769440845881857973798112482
0.00336665371398489447762880644177
0.00349953282875480877964213810571
0.00363639428234502348757928302803
0.0037772998278573256814016900762
0.00392231051139812873784773472607
0.0040714867633311136244089745162
0.00422488851217523320863422853222
0.0043825753218024766921789847629
0.00454460655233563607519053917372
0.00471104154485522778894601714228
0.00488193982969714525971260954407
0.00505736135775984845669439593507
0.00523736675384419217427200976545
0.0054220175906238166768646991045
0.00561137668139392517541175209317
0.00580550838927736991001982147509
0.00600447895008654562026828571675
0.00620835680555664216895284113207
0.00641721294319064477357228426513
0.00663112123850112533673950565571
0.00685015879501151871144859484275
0.00707440627700498762125969065551
0.00730394822969785122851460457127
0.00753887338128351579963348783053
0.00777927492115901460245641629854
0.00802525074862683700238630279955
0.00827690368647646980415633066741
0.00853434165410857023537083421161
0.0087976777952839448765365304439
0.00906703055617070347027564025666
0.00934252371013403158650501012517
0.00962428632666748572199733047228
0.00991245268300081951162727733617
0.0102071621182289653390062866833
0.0105085588312751384426624312596
0.0108167916256047443035459565408
0.0111320136053146938326374737471
0.0114543818289942270216563713348
0.0117840569295390232285036802296
0.0121212027098418252679667972416
0.0124659857259135468943167524003
0.0128185748704352578397624995432
0.0131791409709246624959444460501
0.0135478564175387349716173090997
0.01392489483594509976083219982
0.0143104308206000088027343153385
0.0147046397430995526289798647213
0.0151076976489646578466485848935
0.0155197812542384877554368927122
0.0159410680505990345889877346508
0.0163717365243298863808352194837
0.0168119664904917316683441441683
0.017261939539076405492057375568
0.0177218395849260516861090053453
0.0181918535079254282960103950018
0.0186721718646322108747792611894
0.0191629896473432051462459924096
0.0196645070618835099418575396157
0.0201769302914550884009425857357
0.0207004722110081910979584307597
0.021235353015118120512116917098
0.0217818007225530560488913067729
0.0223400515228545162860207540234
0.0229103499345012645571628695507
0.0234929487506773948535254703529
0.0240881087572873305024945267405
0.0246960982184860865229492077333
0.0253171921372994171428594256668
0.025951671312405593522454338995
0.0265998212261843794412818908768
0.0272619308128997581142094475126
0.0279382911684347735870037610084
0.0286291942733159499034911732451
0.0293349318077990618702788339078
0.0300557941405296992487539142758
0.0307920695698634082348998930456
0.031544043888679276776976223573
0.0323120003291194266004104918011
0.0330962199232241807700383162683
0.0338969822894942263147299854609
0.0347145668251322217501275702034
0.0355492542507998068868069196924
0.0364013284214102506020083183103
0.0372710782854488442694673722144
0.0381587998495583821667587187676
0.0390647979877141865445722146433
0.0399893879281240927081597646975
0.0409328962584001102009700900908
0.0418956613120939624916871935056
0.0428780328377264818850989058774
0.0438803709038737346781466897028
0.0449030440579483228202839484311
0.0459464268275764781135350744989
0.047010896725872677870405880185
0.0480968309881528027771580013905
0.0492046033196991278169107886242
0.0503345809641597349837205399581
0.0514871224031029500745049176658
0.0526625759642790625125741144075
0.0538612795474698591302598060793
0.0550835615745962695055659708032
0.0563297431416999103137577264988
0.057600141205843564951027957477
0.0588950724953473669920356314833
0.0602148577054875816516599229544
0.0615598254532725222554212507475
0.0629303154321623481326497540067
0.0643266802442713225840265067745
0.065749285500089627021225169301
0.0671985079607335666906919868779
0.0686747317404789170414147747579
0.0701783428616363225138741199771
0.0717097227236224293855926248398
0.0732692412711304086325725393181
0.0748572507798266062462033687552
0.0764740811857229779713307493694
0.0781200377441559484781308242418
0.079795401515048783314121294552
0.0815004327575468978661632490912
0.0832353768307638047785346202545
0.0850004717129245190854192060215
0.0867959558572317380065186398497
0.0886220748876766495349954766425
0.0904790856724029812774290348898
0.0923672566309058779010499051765
0.0942868637183360280840105360767
0.0962381823111036899254244758595
0.098221476063355170338375899064
0.10023698454558471748754300279
0.102284911937092951039751653752
0.104365419074780446662131794255
0.106478620683512534283998718365
0.10862458865360014037548808119
0.11080336093467625657726927102
0.113014954238427195454264051477
0.115259377610404931124854499558
0.11753664336856919914175989561
0.119846772152300648506262348292
0.122189789950126567741328642569
0.124565716821807823122547631556
0.126974549214924209428190238214
0.129416239742500438492101011434
0.131890679438336683171328900244
0.134397687369396973133817141388
0.136937010887614230014719396422
0.139508336992134662768449970827
0.142111311922385213923902824718
0.144745563190019688182275103827
0.147410716803720670542432458205
0.150106403169350088866451642389
0.152832248172045853662481817992
0.155587850595851145962811301615
0.158372751929652222369071523644
0.16118640801276928886665018581
0.164028172383860332272931259467
0.166897297965078322823373468964
0.169792957490393719988119869413
0.172714275839635778009295563606
0.175660361925337765720556149063
0.178630326556398016935034434027
0.181623276989335502573652547653
0.184638287730470029845974977434
0.187674357422494247904509734326
0.190730368951574330571574478199
0.193805070408310770035953396473
0.196897086885650995924379458302
0.200004959641655821744876675439
0.203127195543218924678185999255
0.206262302726298696331497239953
0.209408792703857676853473890333
0.212565144305768088939245785696
0.215729744512105553466696505893
0.218900835441914159984477805665
0.222076496689149693875009461408
0.225254675599623893633705051798
0.228433251953544413925811795707
0.231610101850808658419111907278
0.23478312225415878811141112692
0.237950197630015708449846556505
0.241109124504906485730870713269
0.244257538580829047791809216505
0.247392892395950303452423213457
0.250512503078583859128514177428
0.253613644096344514888841104039
0.256693621472264155158882203978
0.259749779694659010953472488836
0.262779428001281900595387241992
0.265779736157592205714195188193
0.268747677531244677506805373923
0.271680069099118903785949896701
0.274573686658956983563939502346
0.277425370475566257510990908486
0.280232035691983738523447300395
0.282990573448701987491205045444
0.285697721737337817504709391869
0.288350020295559172911481482515
0.290943900516454745375227730619
0.29347584289792216782899458849
0.295942464422193296513796667568
0.298340451356648994618581127725
0.300666395703119815330239816831
0.302916696059234991089681443555
0.305087634842724997330520864125
0.307175572088052184493989216207
0.309177066426403635013286930189
0.311088793909302163687158326866
0.312907346295573762784414384441
0.314629135075296662016341997514
0.316250528583155776640722933735
0.317768088383217184311746450476
0.319178639011322706764417489467
0.320479083324327396198327733146
0.321666185216858302453601936577
0.322736604891966538666281394399
0.323687171283733476911947946064
0.324515060374645170071516986354
0.325217643976695558460932033995
0.325792206053465205339847443611
0.326235928742209801978191308081
0.326546200882853243641079643567
0.326720834814905436438436936442
0.326757875796601038320687848682
0.32665527909257396910192028372
0.326410959803067779461116515449
0.326023176552619142753997039108
0.325490668460556076269085679087
0.324812318163858304576052660195
0.323986886363417936340880487478
0.32301328826921082981726840444
0.321890980742025656358151763925
0.320619795570316445942893324172
0.319199496055175890862898313571
0.317629864371847536741455542142
0.315911200100461697637399538507
0.314044316457280758836390077704
0.312030020058568502427931434795
0.309869077186976982218880038999
0.307562769118774503862567826218
0.305112940691669776160921401242
0.302521416046281133027662235691
0.299789984698624334402694557866
0.29692101921618796467328138533
0.293917403815044886439267202149
0.290781893355255727229291551339
0.287517320206737481136372025503
0.284127207109307722276980712195
0.280615360517790346506217247224
0.276985351768557652718527606339
0.273241121614003434903139577727
0.26938725520902195853523153346
0.265428206626238727405819872729
0.261368374228829247751804132349
0.257212842824118492757179410546
0.252966849501598312066619200777
0.248635314292514897349661850967
0.244223671571934392021674398165
0.239737737429031899649700676491
0.235182912422587458989298170309
0.230564905211417092711911891456
0.225889913527397040438060571432
0.221163679791532785667840244059
0.216392119522850201462915720185
0.211581643199241137276445101634
0.206738145899749425904445843116
0.201867673392527285924913371673
0.196976683234332844429914644024
0.192071025235423104016163620145
0.187156801642132025742526479917
0.182240316262019391713167237867
0.177327216808752602394960717902
0.172423584022321690900625412723
0.16753531071072566560609118369
0.162667798033044985750450450723
0.157826943264267938182854322804
0.153017987630707924529005481418
0.148246167475449969197498489848
0.143516833030746387978027200916
0.138834582881823404010290801125
0.13420445121549715028486104984
0.129630827619808153272629169805
0.125118013868501770646801674047
0.12067031623577767485144818238
0.116291325951662694038191148138
0.111985022857860869183177499053
0.107754536529414871037779732887
0.103603241792924016806409781566
0.0995339716735503809985630141455
0.0955493874478198640387560658382
0.0916520274975438226094937022026
0.0878438790567306615475473563492
0.0841271053327887069483992377172
0.0805031080232461587753434173464
0.0769736002973546856731346110791
0.0735394716193949055105250067754
0.0702019521502642018795370404405
0.0669614629875982247941834657468
0.0638187571569232836576901490844
0.0607738131335779432906640806777
0.0578269343093170198888408606308
0.0549776812279192256260884619223
0.0522259382634892993513275882833
0.0495708877003723374921051458841
0.0470120119639573993963743703262
0.0445481824722933419935522181277
0.0421784727868623129931613391363
0.0399015391922032947036313998979
0.037716025998685488718198399738
0.0356204674265431370239198827221
0.0336130955738700720747402783672
0.0316923414191291122343763220215
0.0298561538427237274651027121308
0.0281027517237312680908889461762
0.0264300323235742082306209965736
0.0248358694332284912764663431517
0.0233182352552030042192043879368
0.0218747606668108912630898998941
0.0205033158241793335430092071192
0.0192016139959713949547648326188
0.0179672515480440303514697575338
0.016798045388947507178256657312
0.0156916049654442224525752180853
0.0146455538092696013752203043623
0.0136576888308246879866203471465
0.0127256459918382303087014406628
0.0118470925174482648312146437775
0.0110198659459981775782244639572
0.0102417208026505130585848135638
0.00951039785654402003434171319896
0.00882380285680612989895887920966
0.00817987091497677544504885105425
0.00757648848337793244522853086664
0.00701163230598741537419327229941
0.00648340365166991377393612694391
0.00598992298843910569300375001944
0.00552931393251737852978511256197
0.00509978282267074811695550806689
0.00469964244389072319241229536146
0.00432726288413600498200528576831
0.00398104205879628875869302717661
0.0036594282545199365366817012557
0.00336094965553616160588989991709
0.00308421530552996023266665304163
0.0028278971403988607292989687636
0.00259071719303140008544561467829
0.00237144826556422941982171792574
0.00216892084439584227270603200566
0.00198202748529615344411092259236
0.00180972203753482587841594497746
0.00165101584145734524289306222045
0.00150497372976597589173952673747
0.00137071118330468863684423741489
0.00124739257806818484505817501429
0.00113422992233014460414231017182
0.00103048158575452255235338494543
0.000935450810861637380155819698757
0.000848484009174835848016149597584
0.00076896892860835262123453404115
0.00069633277980647972481981211601
0.000630040379162917865175919107656
0.000569592332885940767599197709359
0.000514523255651604290161760246747
0.000464399986541988831281746463731
0.000418819738253537366019785270765
0.000377408118669899294780889498213
0.000339817049237325387572167256778
0.000305722819141329715548344170273
0.00027482479519859345220775259655
0.000246845335751170341133386987309
0.000221530696773243948724183005616
0.000198651050024591368245788225444
0.000177996643718100045318888935419
0.000159369754176097303596110199564
0.000142579065981338765078945129972
0.000127446161790869492156166864483
0.000113820300968789446028651968223
0.00010157702873469319341560856973
9.05903537711218382385419678471e-05
8.07213769043321006978544684962e-05
7.1857004289543506070706002653e-05
6.39252314631958410600168218885e-05
5.68344522715790253673470711071e-05
5.04733523860854428871175469951e-05
4.47901201390207983439248340396e-05
3.97313476208963927056340426081e-05
3.51977191110481221736870638406e-05
3.11630933651423652915556095078e-05
2.75783210924652952549408074789e-05
2.43676398774282539072804504299e-05
2.15346010494993872583669586307e-05
1.89989636653929296170213725237e-05
1.67595886503435334070107737281e-05
1.47672016634419094103895797598e-05
1.30028680279821226410154333397e-05
1.14405756521034222735746718747e-05
1.00582008967122034836984972861e-05
8.83332592275236727174907158666e-06
7.75816497991223989001609989691e-06
6.79684051895985148880521137249e-06
5.96566271938529949306079941396e-06
5.21569451758755224594606494937e-06
4.56728543353599342337996100372e-06
3.99620308888401794115453891099e-06
3.48341685102091854297589983147e-06
3.04578391637630689823515624248e-06
2.65930925275502462297124751933e-06
2.31107705988199094125092568353e-06
2.01279477111445681761637931106e-06
1.75699825212330923865995842281e-06
1.52741546782649734406603174441e-06
1.3222111490167741290439884505e-06
1.14573792689946305097502265991e-06
9.9603458303362282169211763122e-07
8.66497900971452653077369866763e-07
7.51932831559341736835056987931e-07
6.50226968791600602584135944889e-07
5.60774482372276132770099171115e-07
4.82956329324558728684181011653e-07
4.15718408997248855488176487102e-07
3.57773743779239638465713892884e-07
3.07878875512877202297600020067e-07
2.64983566487646978792003466321e-07
2.28255884329364637544244756931e-07
1.97008996481119848663863614383e-07
1.70523849745544563444530077219e-07
1.47795241707093715866836976594e-07
1.27421968647631919399572158688e-07
1.08118521039405573852747557192e-07
9.00363226983436750359767819854e-08
7.549276430890693763612031e-08
6.63482760652675959093128171817e-08
5.9380089409222632089744913983e-08
4.91418653065306597468946917407e-08
3.89970585694278981029059505132e-08
3.58275570592274050629310200994e-08
3.16553622054281254891890400212e-08
2.32936800870886062465699097197e-08
2.27233195291972607553224536162e-08
1.85646563263718868456214665602e-08
1.43410634198168233727408346612e-08
