1.24195005411287957877116875467e-09
6.91649607174621417161090188952e-10
1.15945283476207861088741241602e-10
-4.8634459928393788429735520684e-10
-1.1164568238966848996822542713e-09
-1.77568584065242358532369019281e-09
-2.46538645316099627363643097722e-09
-3.1869766288881755488246295087e-09
-3.9419404402270685563729669574e-09
-4.73183114177337834694954594485e-09
-5.55827439000152531185446430043e-09
-6.42297161265621894915614487325e-09
-7.32770353355412837343007927192e-09
-8.27433386123063768202012943295e-09
-9.26481314762328650478542775093e-09
-1.03011828259236313830477671126e-08
-1.13855794346009998720687240829e-08
-1.25202390371960711788256804308e-08
-1.37075018457299433798225634967e-08
-1.49498170583109684411844111842e-08
-1.62497479194440455962242177319e-08
-1.76099770144698831690694882345e-08
-1.90333118076195502875246979083e-08
-2.05226904359127428931391029033e-08
-2.20811877694468048950924118001e-08
-2.37120217514307680116667382273e-08
-2.54185600296168109441107295149e-08
-2.72043268930364957432478737734e-08
-2.90730105275715511318852319255e-08
-3.10284706052562557765146929959e-08
-3.30747462216341398414461323629e-08
-3.52160641982816147674735529367e-08
-3.74568477653969805494402970768e-08
-3.98017256430777728439874326577e-08
-4.22555415385149677057397736915e-08
-4.48233640778478871492096881693e-08
-4.75104971930811367015203515712e-08
-5.03224909833580391897806471067e-08
-5.32651530729953339892617045909e-08
-5.63445604882710287188529014145e-08
-5.95670720755741090268885911709e-08
-6.29393414866141265575304707125e-08
-6.6468330754806493816868467623e-08
-7.01613244896859854662530685439e-08
-7.40259447176294203138020833498e-08
-7.8070166396175246265250766229e-08
-8.23023336341379078463187878544e-08
-8.67311766465087635591814201053e-08
-9.13658294790035645942100875523e-08
-9.62158485349225455009709927039e-08
-1.0129123194029903807320550568e-07
-1.06602439784965795666658394756e-07
-1.12160415277343736277158826268e-07
-1.17976606853955123854227630877e-07
-1.24062991285352123044287897188e-07
-1.3043209782230135276834856288e-07
-1.37097033428131599437204551917e-07
-1.44071509144480090912720355277e-07
-1.51369867640067334170321262238e-07
-1.59007111994543359142519328014e-07
-1.6699893577041307439445241758e-07
-1.75361754430085068436783639692e-07
-1.8411273815524436218095849678e-07
-1.93269846130422778221157856411e-07
-2.0285186235293554538138655844e-07
-2.12878433035834646518076390329e-07
-2.23370105672156859027833292718e-07
-2.34348369831286277505550405889e-07
-2.45835699762314139757630234578e-07
-2.57855598881107415629062836263e-07
-2.70432646221417254584520580354e-07
-2.83592544933351140674736680716e-07
-2.97362172916438669485918308219e-07
-3.11769635676817962083339549201e-07
-3.26844321502540714963002494928e-07
-3.4261695905476095817904984113e-07
-3.5911967747522724801086655734e-07
-3.76386069115908708182191046154e-07
-3.94451254999270639845589158171e-07
-4.13351953122983965477566176486e-07
-4.3312654972631830125416444767e-07
-4.53815173640512427798675287871e-07
-4.75459773849329909623678304398e-07
-4.98104200391879616556902506813e-07
-5.2179428874268140594959832293e-07
-5.46577947811565803793939794658e-07
-5.72505251708406490429592323316e-07
-5.99628535424978461926184131192e-07
-6.28002494591154252646513379138e-07
-6.57684289466819488903471732644e-07
-6.88733653339448099797433060221e-07
-7.21213005499972558400782318005e-07
-7.55187568978159676256025397562e-07
-7.90725493222859500100808006345e-07
-8.27897981920485239161976685762e-07
-8.66779426150249899372013558108e-07
-9.07447543081599948446968467719e-07
-9.49983520426365625379926810323e-07
-9.94472166864395011164762250289e-07
-1.04100206866872547261456023737e-06
-1.08966575276321796356105396641e-06
-1.14055985645274694288372509254e-06
-1.19378530407371892830821306919e-06
-1.24944749081876275477193810604e-06
-1.30765647399887923527496500636e-06
-1.36852717201204099496799834745e-06
-1.43217957129530335563436481416e-06
-1.4987389415458378337915818293e-06
-1.56833605950287088548467367283e-06
-1.64110744159086375801098137833e-06
-1.7171955857312615657957969445e-06
-1.79674922263871062227318185084e-06
-1.87992357692400194771960471318e-06
-1.96688063833468816047744115449e-06
-2.05778944347053182809112112372e-06
-2.15282636831927286512377087146e-06
-2.25217543196446785537480003714e-06
-2.35602861182455872648554458249e-06
-2.46458617078902992959875233037e-06
-2.57805699662333091077767721622e-06
-2.69665895402138284270179661994e-06
-2.82061924968885631054868294576e-06
-2.9501748108478012436010906594e-06
-3.08557267755573284823524329856e-06
-3.2270704092387401593338552841e-06
-3.3749365058408164055674897247e-06
-3.52945084399584554872412490989e-06
-3.69090512863013117173839605645e-06
-3.85960336040664164845674644067e-06
-4.0358623194215902980777968545e-06
-4.22001206556569717441964109672e-06
-4.41239645596077152174411054042e-06
-4.61337367988019648583917012297e-06
-4.82331681156023451986867428554e-06
-5.04261438130301352134347500633e-06
-5.27167096526847671643161916122e-06
-5.51090779434420723417471094097e-06
-5.76076338247428880874308546045e-06
-6.02169417481850289029050513068e-06
-6.29417521610091858371652945303e-06
-6.57870083949343690572905338221e-06
-6.87578537636506589050518559181e-06
-7.18596388720878459337171317856e-06
-7.50979291403918458873596730729e-06
-7.84785125453162102100029828833e-06
-8.20074075814882701238733853089e-06
-8.56908714447398501992507469094e-06
-8.95354084393994647606343506574e-06
-9.35477786111051560862233306137e-06
-9.77350066063562110667706922529e-06
-1.02104390759622972709077387554e-05
-1.06663512408422169331755763322e-05
-1.1142024543631429172240929204e-05
-1.1638276604328901480496158416e-05
-1.21559562742486225380171213639e-05
-1.26959446581644902702148969276e-05
-1.32591561587070434210600469727e-05
-1.38465395427280281887309418276e-05
-1.44590790292821232013251858683e-05
-1.50977953988020370025297661742e-05
-1.57637471229705201784029172662e-05
-1.64580315147108753484443688375e-05
-1.71817858976358586926315441534e-05
-1.7936188794206477103987396049e-05
-1.87224611317609477493650177449e-05
-1.95418674654786787240213358219e-05
-2.03957172172440339081092575135e-05
-2.12853659292728283848258885591e-05
-2.22122165312558535578760232632e-05
-2.31777206196656395374450926328e-05
-2.41833797477572897001961427232e-05
-2.52307467246798965978486078976e-05
-2.63214269219946443495103394206e-05
-2.74570795857758407146342882754e-05
-2.86394191523481599645842288204e-05
-2.98702165655893584947887242631e-05
-3.11513005936034010115963377441e-05
-3.24845591424444450016212337928e-05
-3.38719405644481662254717535543e-05
-3.53154549586046743472021736121e-05
-3.68171754602871314338528863086e-05
-3.83792395175336749834835159412e-05
-4.00038501509668463691250794856e-05
-4.16932771943291717283222586055e-05
-4.34498585125110852226369695384e-05
-4.52760011938557898367001264273e-05
-4.71741827134415167978136185223e-05
-4.91469520639685152605703744033e-05
-5.11969308508171310812852328187e-05
-5.33268143477960284109910815697e-05
-5.55393725100673731499140162171e-05
-5.78374509407212147871213403505e-05
-6.02239718074749148975233214998e-05
-6.27019347059984004421132053331e-05
-6.52744174664127559072276940633e-05
-6.79445768995826554536091035352e-05
-7.07156494799198267510453863594e-05
-7.35909519615431822504858505596e-05
-7.65738819247970670502437262606e-05
-7.96679182503194855194394996545e-05
-8.28766215180750401509204849937e-05
-8.62036343290272942443269732493e-05
-8.96526815474221652323832953968e-05
-9.32275704619897870864195232876e-05
-9.69321908647492573325027409581e-05
-0.000100770515046518617041995669048
-0.000104746597708693021900813735492
-0.000108864575791357823448569919211
-0.000113128668218350639045576000452
-0.000117543175560477297994510514911
-0.000122112479618719752417349555529
-0.000126841042929950651406423300926
-0.000131733408198385365398333513021
-0.000136794197656758695575210382778
-0.000142028112362004970683701521317
-0.000147439931431046327954884067601
-0.000153034511223150941757950582733
-0.000158816784476202224477350832821
-0.000164791759405124140294707224541
-0.000170964518771623950497626220901
-0.000177340218935339319437233251975
-0.000183924088897404380740091545121
-0.000190721429348369959444822741013
-0.00019773761173331861717809843082
-0.000204978077347898053313726696167
-0.000212448336479843726161409467323
-0.000220153967611365277302210019528
-0.000228100616698520932464772092985
-0.000236293996544385039720870267388
-0.000244739886283420029003399243095
-0.000253444130994977473783635879556
-0.000262412641464267128079551616437
-0.000271651394109433108863677075462
-0.000281166431093552414161723662644
-0.000290963860640411028403440329981
-0.000301049857572809704750471659906
-0.000311430664091889570881110937961
-0.000322112590815548118471089988901
-0.000333102018093420855406744385263
-0.000344405397615138561453335119822
-0.000356029254327622549612664126784
-0.000367980188676053578296365476064
-0.000380264879181844354764929772017
-0.000392890085369460050675888274085
-0.000405862651052277517010891116911
-0.000419189507985853293363376348424
-0.000432877679894998125976340874743
-0.000446934286878942382045115655487
-0.000461366550196638520835168417733
-0.000476181797431903224959021114771
-0.000491387468035670905465439606274
-0.000506991119240137550969182989036
-0.000523000432337041953716194608859
-0.000539423219309787373501596796643
-0.000556267429806577744580420308296
-0.000573541158439256075658729816524
-0.0005912526523901194758572885668
-0.000609410319306669112648933150922
-0.000628022735462066571988926089176
-0.000647098654157034452842622851421
-0.000666647014337083091035929260926
-0.000686676949397289947477074356641
-0.000707197796145427374191194669351
-0.000728219103893037512410801870288
-0.000749750643643118386272305997409
-0.000771802417342408496672701012642
-0.000794384667165866148116903922016
-0.000817507884800827851722038186466
-0.00084118282069850839038210876808
-0.000865420493260983807355668506744
-0.000890232197932565760996326265087
-0.000915629516165552084262790888403
-0.000941624324231713372840291143007
-0.000968228801852559083258864536248
-0.000995455440623426108040505688734
-0.00102331705220874247079521079939
-0.00105182677628846434590703662337
-0.00108099808823864740672804352073
-0.00111084480653243083958514603182
-0.00114138109985134411292206912947
-0.00117262149390084317694682436439
-0.00120458087792827913710402842895
-0.00123727451094611442389270550279
-0.00127071802766808689653943442721
-0.00130492744417109595052306492136
-0.00133991916330081966071685606323
-0.00137570997984431996410958909394
-0.00141231708549804371374825073815
-0.00144975807366453258301364215299
-0.0014880509441156028471731076479
-0.00152721410756356508822695339234
-0.00156726639018497254131345730599
-0.00160822703814320023749107058109
-0.00165011572215661614891624164869
-0.0016929525421579992225384891924
-0.00173675803208802269871069423601
-0.00178155316486091155371573879762
-0.00182735935753378293290583034292
-0.00187419847670272708521632676337
-0.00192209284413857135406789033993
-0.00197106524266380108909024748698
-0.00202113892225973083849321909611
-0.00207233760638032404183261903086
-0.0021246854984367583019100322872
-0.00217820728840574127579965413304
-0.0022329281595055510377390017851
-0.00228887379487769911448613591176
-0.00234607038420974953196740386829
-0.00240454463023683125133533877715
-0.0024643237550661676107943698355
-0.00252543550628054778647846312367
-0.0025879081627927999487148724711
-0.00265177054044318577172290041233
-0.00271705199735397398899672261052
-0.00278378243907854939706569830093
-0.00285199232360417668369345634005
-0.00292171266628558782066371612984
-0.00299297504479847324004859743241
-0.00306581160420542255667930575669
-0.00314025506222006178455585789777
-0.00321633871473690899009389987384
-0.00329409644166471678172758430492
-0.00337356271306089947753514834972
-0.00345477259551651635915980875779
-0.0035377617586890668099908197064
-0.00362256648182912805236655096053
-0.00370922366010255398841022334011
-0.00379777081047883010786470059372
-0.00388824607694410228145298624725
-0.00398068823480900516043057280058
-0.00407513669391923460949556101696
-0.00417163150064048336013167173064
-0.00427021333857498762431870176215
-0.0043709235280670489381948939922
-0.00447380402465837306164031517142
-0.0045788974167473356011170970703
-0.00468624692277447296717696190171
-0.00479589638828548190524481142916
-0.00490789028320171624025780587885
-0.00502227369955101678178355228965
-0.00513909234978046549485730665197
-0.00525839256559812971703049555572
-0.00538022129709271514780288825364
-0.00550462611168569225517099852141
-0.00563165519231209176637120705777
-0.00576135733413585520573674259026
-0.0058937819391101792243503609825
-0.00602897900780766451966918850758
-0.00616699912816732163933775012765
-0.0063078934611135277499283091629
-0.00645171372335301505224203211242
-0.00659851216799084514669226919636
-0.00674834156385737803790503264167
-0.00690125517454156806734788531799
-0.00705730673803531965981861162618
-0.00721655044759432311163305229229
-0.00737904093393958529500942233881
-0.00754483324833228954919839281956
-0.00771398284546246596621310587238
-0.00788654556463061484627985464613
-0.00806257760749740613748226536472
-0.00824213551082025701333133582693
-0.00842527611311123976467474250285
-0.00861205651497578411612821014387
-0.00880253403387360779108750108435
-0.00899676615496040020525381208927
-0.00919481048027263533906072723312
-0.0093967246785963878114023017929
-0.00960256643780383646602505365308
-0.00981239342029397929034750802657
-0.0100262632206591165151543521006
-0.0102442333231879158239596705471
-0.0104663610557519833055284408374
-0.0106927035363984668930870114423
-0.0109233176097954329947237184228
-0.0111582597724676491068862560496
-0.011397586088108797516826875551
-0.0116413520964906112842296437293
-0.0118896127208474745168276243135
-0.0121424221784889232317317109278
-0.0123998338975781947912668812251
-0.0126619004398738008165814505901
-0.0129286734256796875808248614703
-0.0132002034545329275522229650619
-0.0134765400144417884370495741564
-0.0137577313743805877688242134127
-0.0140438244589382362631502232375
-0.0143348647091991587138037900218
-0.0146308959381418728779022941922
-0.0149319601901445539460233646878
-0.0152380976115504673112921452116
-0.0155493463331769551233341175589
-0.015865742358304603387697540029
-0.0161873194442118846503309015361
-0.0165141089645936406382631389533
-0.0168461397453483763264614481159
-0.0171834378756964417656050159167
-0.0175260265063905337767913295011
-0.0178739256519725026040035231745
-0.0182271520111701550159732931888
-0.018585718808826579701021231017
-0.0189496356487467293439053150905
-0.0193189083567619074299770431935
-0.0196935387935028571870788027809
-0.0200735246283995812099920641458
-0.0204588590851137314130525624023
-0.0208495306837743581140909299165
-0.0212455230071346284903555101664
-0.0216468145028519375061559770757
-0.0220533783094392851764631302558
-0.0224651820736736992922821798402
-0.0228821877264198184076526843
-0.0233043512055371576652262888274
-0.023731622147219792740013843968
-0.0241639435892026452346037501684
-0.0246012517230036059645570389876
-0.0250434756979606605586941014963
-0.025490537439010772791103676127
-0.0259423514236406457800221403431
-0.0263988243881501660759170135861
-0.0268598549857919019490104517445
-0.0273253334605243619614967087728
-0.0277951413935873213600924458433
-0.028269151524130144842450462761
-0.0287472275813101842134589247735
-0.0292292240497518847341940073647
-0.0297149858447186381027460555515
-0.0302043479576183625245899833089
-0.0306971351706557399330321800335
-0.0311931618873507558731272837349
-0.0316922320214430702778329873581
-0.0321941388283947804715978691092
-0.032698664618702619200085734974
-0.0332055804194187273448157782241
-0.0337146457231891905070852999415
-0.0342256083943848279926847055776
-0.0347382046468005939443557394952
-0.0352521589322997708215723378089
-0.0357671836844080243134058605392
-0.0362829790466615287325424787923
-0.0367992327680096778519391875761
-0.0373156202822156751741644598042
-0.0378318047831979129003165951417
-0.0383474371230604627047711119303
-0.0388621556061237924395435072711
-0.0393755859319179640776198425556
-0.0398873413969405010703894731705
-0.0403970231538770402357485522771
-0.0409042202682296934801442489515
-0.0414085096264526220100066211671
-0.0419094560224738121867460449721
-0.0424066125628486598198030321782
-0.0428995211095975909065813880261
-0.0433877124537016059524496824906
-0.0438707063761406140800502839738
-0.0443480120159167739979366729131
-0.0448191285624674265464228994915
-0.045283545816559814256585525527
-0.0457407444264528381672185730622
-0.0461901962382285230512835028094
-0.0466313651161752856788567100921
-0.0470637078510872663983377606201
-0.0474866746691205640629185324997
-0.0478997096592529009173588860904
-0.0483022517149996957752655646345
-0.0486937357266450723813910883564
-0.0490735933405292770737027296946
-0.0494412535267119354620568572045
-0.0497961437131801548661158562936
-0.050137691218345603605399674052
-0.0504653241610744998646431724865
-0.0507784722053229997662526784552
-0.0510765679914108455816901255275
-0.0513590487268521175834301573104
-0.0516253571079940132282359854798
-0.0518749423376548279840392297046
-0.0521072619225884728355602248939
-0.0523217831973569191816864076827
-0.0525179842030066151847833566535
-0.0526953552006779249450296731538
-0.052853400650404315508357200315
-0.0529916403459671225828486740284
-0.0531096105615040461889186929056
-0.0532068661232884612677374036593
-0.0532829819224371128982831180565
-0.0533375538374245561357156475424
-0.0533702006604063194927789481881
-0.0533805658788253506452647911829
-0.0533683184865299253818449187747
-0.0533331547014255433203366862926
-0.0532747998371956021923523394435
-0.0531930090004721495278161569331
-0.0530875686391136594743933585505
-0.0529582983291025932715001545148
-0.0528050512779167854904294188145
-0.0526277157871618064821639393358
-0.052426216761739835581224156158
-0.0522005159523452957892608594648
-0.0519506134171523609177612001986
-0.051676548491461520018486197614
-0.0513783998414657008813044569706
-0.0510562868960161841958012018949
-0.0507103699906273838737824632972
-0.0503408505354582744284464013163
-0.0499479720467536358885496383664
-0.0495320194732421434369307178258
-0.0490933197698073253700812301759
-0.0486322418008555273916115879729
-0.048149195578618429747219664705
-0.0476446327284329590456835035184
-0.0471190451126231452105841412958
-0.0465729647786525396968571044454
-0.04600696295054376716571198358
-0.0454216488424678682678248264892
-0.044817669163619212879812181427
-0.0441957060566812928725788367501
-0.0435564766214565080026943633129
-0.0429007305623275297934426930624
-0.0422292492299420549328736740335
-0.0415428433687022799492005731281
-0.0408423514813636284737086157293
-0.0401286377683603631694175817302
-0.0394025898795119094986105778844
-0.0386651169670084934870679660435
-0.0379171469940911276541584129518
-0.0371596247903316842520204943412
-0.0363935090907207547950008574844
-0.0356197705095811847919584636202
-0.0348393884598223041448861181379
-0.0340533489891642685010175739535
-0.0332626417203488317086979009218
-0.0324682574972770809917932410826
-0.0316711854974687165298341540165
-0.0308724106281831230103041008306
-0.0300729109633355758124384493613
-0.029273654856048283989800040672
-0.0284755987843517098523360431273
-0.0276796842706909691778083271174
-0.0268868360341647169575729492408
-0.0260979590350895913897222300193
-0.0253139366018608515107590761772
-0.0245356280620565442296410196832
-0.0237638665379746316652642690315
-0.0229994573396111560981136534565
-0.0222431756511029012080005173857
-0.0214957652009797189895934366177
-0.020757936567954167472738191691
-0.0200303655777033344509430179414
-0.0193136923863259993283669757602
-0.0186085200669423023178694620583
-0.0179154136870759532473851294299
-0.01723489973169544525744001362
-0.0165674651976350090221146160729
-0.0159135571892307890740081433023
-0.0152735827731550408148386566154
-0.0146479086268859748365400719194
-0.0140368610462180444520274846809
-0.0134407262652911242001296798776
-0.012859750670361706770261633892
-0.0122941411649580330939235395249
-0.0117440658688766907946643414107
-0.0112096548790047313010065366257
-0.0106910010280336573162962565675
-0.0101881608332407194023039309627
-0.00970115564088400682274393460602
-0.00922997282209042473055671251814
-0.00877456699751682014931652986434
-0.00833486136714330430597108545498
-0.00791074916078852302669943696856
-0.0075020951543967743027629957453
-0.00710873721259070411038205605792
-0.00673048786199845986560896804463
-0.00636713590901258254944883319126
-0.00601844809709743775588686176548
-0.00568417078498907255013072870042
-0.00536403162870768921571817955396
-0.00505774125796403743043905265608
-0.00476499494201372206236833051207
-0.00448547423997359018948971609575
-0.00421884862898072674625149502958
-0.0039647771026813626027429648957
-0.00372290973281164073657723001531
-0.00349288918751012060145977322634
-0.00327435220092290842422433350123
-0.00306693098940752058648162581278
-0.00287025461023083334685668255304
-0.00268395025917611248014726932354
-0.00250764450398517678778032014009
-0.00234096445108339292623389482628
-0.00218353884356167152885896953762
-0.00203499908890392156024518044433
-0.00189498021543266226274226937676
-0.00176312175688724155631081913498
-0.0016390685649581944113850617839
-0.00152247155003186560723316134158
-0.00141298835095683391130383377288
-0.00131028393540570339305395552998
-0.00121403113319728216124016029198
-0.00112391110510231119305746272374
-0.00103961374833650300325560422721
-0.000960838037622764812653586297131
-0.000887292300881107058770080886489
-0.000818694435455024380025867980493
-0.000754772079851549109255626213155
-0.000695262749874830292620697669292
-0.00063991392142557059277696573929
-0.000588483037018109711273339268445
-0.000540737468004333756213530826074
-0.000496454492230568710658955566828
-0.000455421241131382401132882131733
-0.000417434529260817519837056810417
-0.000382300682335044716975147593985
-0.00034983544756929309694354346405
-0.000319863759109518825535234398671
-0.000292219453342543438595368954225
-0.000266745156692006085436680296041
-0.000243291957681700677772890228923
-0.000221719119869601030388753248879
-0.000201893931463212116883890190344
-0.000183691256174720691715651632592
-0.000166993412881954257816208286869
-0.000151689755705808955888597155948
-0.000137676468384185699510291467362
-0.000124856221057888423526388566032
-0.000113137909386786249558640160551
-0.000102436334700278837829372224899
-9.26719658762540125177681327173e-05
-8.37705766031974049167993512377e-05
-7.56630889711377594905594712316e-05
-6.82851543469961496215028806667e-05
-6.15770364426172854121349642398e-05
-5.54832593484572443370481109604e-05
-4.99523679493934935776609795877e-05
-4.49367612521497887122408354532e-05
-4.03923743410727496740836306444e-05
-3.6278482479846447324341174312e-05
-3.25575329744802778055533243329e-05
-2.91949000930128342524896151167e-05
-2.61586787771561314001455417211e-05
-2.34195274932615143037226146383e-05
-2.09504984422531777797649166217e-05
-1.87268575331991266616580432691e-05
-1.67259209993384801553120699857e-05
-1.49269106162979384850014036301e-05
-1.33108175432798760985924485523e-05
-1.18602708019897427909770601384e-05
-1.05594119275343327658692529902e-05
-9.39377748924940856971570884992e-06
-8.35018966723057846793330100121e-06
-7.41665428901967674433365340647e-06
-6.58226569538471583255094532472e-06
-5.83711797222886317565394495577e-06
-5.17222222055353934763157960908e-06
-4.57942966879820677735197023694e-06
-4.05136062625249541622150795117e-06
-3.58133935520121569656866455933e-06
-3.16333429500229318945747278291e-06
-2.79190136492500040171207617568e-06
-2.46212764079132697894606099376e-06
-2.16957865979368695315363663179e-06
-1.91026070396446391724278555946e-06
-1.68059512340135601842795991939e-06
-1.4773707491066915460935400628e-06
-1.2976811642681271653559840068e-06
-1.13892430371556155105534913208e-06
-9.98799047232436753757686513644e-07
-8.75207236631317682571903383837e-07
-7.66283877104652652822959144063e-07
-6.70388639787732748881649881556e-07
-5.86004097117804407992419646334e-07
-5.11841265950900778245380093323e-07
-4.46685996756192494273245228303e-07
-3.89521690426116281732950210465e-07
-3.39379585871287512988261165711e-07
-2.95464900397419296174442680802e-07
-2.57008509657873801946252221781e-07
-2.23377189874794795940304175698e-07
-1.93991891303874614285336348656e-07
-1.6831965675234677098370274749e-07
-1.45928771222733400631825701789e-07
-1.26416681151298871874688102036e-07
-1.09413795703624022811288325589e-07
-9.46131887863128298858417545777e-08
-8.17492229259136160282258904558e-08
-7.0578283988265148930626384071e-08
-6.08817546273951035524208915718e-08
-5.24700247737290620116289347787e-08
-4.51794100237504684341515533066e-08
-3.88670092791420299407664892995e-08
-3.34071264571092276724400887619e-08
-2.8689198907768359401989914279e-08
-2.46162762105112741151524550273e-08
-2.11035245327030360438295796119e-08
-1.80766027907113567447546762e-08
-1.54699598140620598051312925558e-08
-1.32255095282479180747684197072e-08
-1.12927594711337144219778902323e-08
-9.63085262730640464380871799705e-09
-8.20889718503517071291367769624e-09
-6.99763786281040178155724666427e-09
