-3.59357098334038387533308072654e-10
-4.95898965802045235259751484774e-10
-6.38769127439716057858421135454e-10
-7.88262539768860061652857545679e-10
-9.4468792654671828077790596799e-10
-1.1083684204187649023050823074e-09
-1.27964223438828883971313296988e-09
-1.45886336438678026475161081339e-09
-1.64640232444630012330908844622e-09
-1.84264691606215641317677610334e-09
-2.04800303301690637977934816025e-09
-2.26289550375435434726301001714e-09
-2.48776897252266320367069939873e-09
-2.72308882156091222082866538511e-09
-2.96934213573301116972351246324e-09
-3.22703871199524473031498845836e-09
-3.49671211544280097660839553685e-09
-3.77892078428353347714860614899e-09
-4.07424918565082162868102815911e-09
-4.3833090251369843490768579892e-09
-4.70674051183758940270688189808e-09
-5.04521368207946882997887950105e-09
-5.39942978398566730254020916966e-09
-5.77012272603013802532307880192e-09
-6.15806059218084273575868030489e-09
-6.5640472270672102091115298879e-09
-6.98892389393642644585257243592e-09
-7.4335710089469496106867251134e-09
-7.89890995526598434995991300945e-09
-8.38590498049612268449141060881e-09
-8.89556518128245726058347042035e-09
-9.42894657904375383827724841496e-09
-9.98715429091183600613762212997e-09
-1.05713448002888976845187304823e-08
-1.11827283313442368582108337187e-08
-1.1822571332280809480449478596e-08
-1.24921990724245107663222681144e-08
-1.31929983577497192219999685254e-08
-1.39264203708247344007372184056e-08
-1.46939836403070674777374536482e-08
-1.54972771459168557451515892348e-08
-1.63379635651291346417882295334e-08
-1.72177826677265831880333997765e-08
-1.81385548648554977987869176598e-08
-1.91021849196663867824471435154e-08
-2.01106658265358381433034651482e-08
-2.11660828664534858081554150131e-08
-2.22706178465116961264948230873e-08
-2.34265535315491055259643854653e-08
-2.46362782765112113260906558012e-08
-2.59022908684560109808702523535e-08
-2.72272055874624455350660131876e-08
-2.86137574960846971909521319587e-08
-3.00648079675198101557161253945e-08
-3.1583350462839850532275562953e-08
-3.31725165683977401417702266916e-08
-3.48355823047456138395412455957e-08
-3.65759747190248096143704113065e-08
-3.83972787729626479561613179668e-08
-4.03032445399002286264017068038e-08
-4.22977947236709429043130417485e-08
-4.43850325139352624717606278677e-08
-4.65692497920110914875335824878e-08
-4.88549357028055161328813948193e-08
-5.12467856084039300803140138101e-08
-5.37497104399221999175572956481e-08
-5.63688464646288164173173671195e-08
-5.91095654861705890557990522235e-08
-6.19774854965601204013041767606e-08
-6.49784817990704468180251950939e-08
-6.81186986221063845802734275023e-08
-7.14045612449760157299972367952e-08
-7.48427886572387272133300437429e-08
-7.84404067740715110997523412326e-08
-8.2204762231127733762930357049e-08
-8.61435367833931960059758842739e-08
-9.02647623328956394985251210535e-08
-9.45768366120517018809851490617e-08
-9.9088539549515195451244800335e-08
-1.03809050347015114132641605115e-07
-1.08747965296572950303406084657e-07
-1.13915316368454560332343957884e-07
-1.19321590601686475556906965982e-07
-1.24977750329765214864835218278e-07
-1.30895254275609754258732496564e-07
-1.37086079551192909100856181029e-07
-1.43562744598083106014899871898e-07
-1.50338333107001989173118314431e-07
-1.57426518955620925966376881695e-07
-1.6484159220485069996332057763e-07
-1.72598486196200025796367136417e-07
-1.807128057931621471279961871e-07
-1.89200856811923228123218905863e-07
-1.98079676687773918567725905081e-07
-2.07367066425312985313757370952e-07
-2.17081623882149550376537963312e-07
-2.27242778437319226971636111981e-07
-2.37870827097487199795172838242e-07
-2.48986972095468166048303024912e-07
-2.60613360037519762494819973095e-07
-2.72773122657625338332622062093e-07
-2.85490419238417733914715173141e-07
-2.98790480760745262402209958263e-07
-3.12699655845217127087389084178e-07
-3.2724545855117446034490517881e-07
-3.42456618100399104342632626563e-07
-3.58363130594450964238700764117e-07
-3.74996312796927744123037275215e-07
-3.92388858053282682029319801409e-07
-4.10574894423062538203328527761e-07
-4.29590045101267846375128842823e-07
-4.49471491207213451287333415632e-07
-4.70258037021551909469556287252e-07
-4.91990177753415114284918450288e-07
-5.14710169921890396029363727581e-07
-5.38462104437673651123272017954e-07
-5.63291982472405838901501236304e-07
-5.89247794204980335977387458785e-07
-6.16379600535804927512227927022e-07
-6.44739617861341850267413444708e-07
-6.74382306002970367386079031391e-07
-7.05364459385401565702587278056e-07
-7.37745301561469182384891442317e-07
-7.71586583180818646379836491661e-07
-8.06952683501515450810741194448e-07
-8.43910715544256246362238814418e-07
-8.82530634989711596326950569791e-07
-9.22885352919918757386066182624e-07
-9.65050852505354357871599456364e-07
-1.00910630973909481674678778607e-06
-1.05513421831962565950455753411e-06
-1.10322051878379619504263065705e-06
-1.15345473199002169546354898411e-06
-1.20593009705206688425896659894e-06
-1.26074371382162759124413546619e-06
-1.31799669001697324999342747498e-06
-1.37779429309268013467877373596e-06
-1.4402461069434529894142020881e-06
-1.50546619353217777866093315259e-06
-1.57357325952935275522953043753e-06
-1.64469082804712095052920763777e-06
-1.71894741554755546553406170274e-06
-1.79647671399959394853123456626e-06
-1.87741777835415879418113488386e-06
-1.96191521940115570635850689163e-06
-2.05011940206551370201098691282e-06
-2.14218664919221397135236546749e-06
-2.23827945086281784867264336991e-06
-2.33856667927693771913779698102e-06
-2.44322380922331307287150882479e-06
-2.55243314415464308576864116418e-06
-2.66638404786965364432187869381e-06
-2.78527318179389883883584344559e-06
-2.90930474783833836529829512674e-06
-3.03869073680080027826159137783e-06
-3.17365118226114612665208700171e-06
-3.31441441990531334698820604967e-06
-3.46121735219671900426227466319e-06
-3.6143057182963497772957249532e-06
-3.77393436911342029110600498898e-06
-3.94036754735000980430980818681e-06
-4.11387917238107075570572798706e-06
-4.29475312979022378565832282482e-06
-4.48328356535858241460048775884e-06
-4.67977518327971393362254420856e-06
-4.88454354834916518071467883555e-06
-5.09791539185048245047451181966e-06
-5.32022892083298849384611489688e-06
-5.55183413044814636248336717217e-06
-5.79309311898257037827704440947e-06
-6.04438040519585695104116951359e-06
-6.30608324754066660059945159666e-06
-6.57860196481103905321403610418e-06
-6.86235025773326796699400076385e-06
-7.15775553098047763114645039573e-06
-7.46525921505980760402645945994e-06
-7.78531708748743576605812199976e-06
-8.11839959263356143975669254598e-06
-8.46499215958626484348353846698e-06
-8.82559551735016890633596375881e-06
-9.20072600666338726266117731267e-06
-9.5909158876844751210298534172e-06
-9.99671364277032953662982528442e-06
-1.04186842735365139516736862624e-05
-1.08574095913632604246774546186e-05
-1.13134885004846955195182897635e-05
-1.1787537272774334550146969891e-05
-1.22801898133190383138012291564e-05
-1.27920979158549205699588885432e-05
-1.33239315071236427467970056537e-05
-1.38763788791963633804807734529e-05
-1.44501469088053608846432956936e-05
-1.50459612627211832312041847604e-05
-1.56645665882157446335051081965e-05
-1.63067266876602376293563245735e-05
-1.69732246763215283212426764958e-05
-1.76648631224414175686955597033e-05
-1.83824641687121279249629568486e-05
-1.91268696342968379914793730645e-05
-1.98989410965886669017173987717e-05
-2.06995599519540666522479654965e-05
-2.15296274547687522171648261127e-05
-2.23900647341255213003657215109e-05
-2.32818127876749898850887443569e-05
-2.4205832452151939033786059996e-05
-2.51631043502422967477090420818e-05
-2.61546288135592709461155896955e-05
-2.71814257816213924177136534999e-05
-2.82445346768609009463144032814e-05
-2.93450142558376511885825932424e-05
-3.04839424369918288279697471399e-05
-3.16624161054374151768459055845e-05
-3.28815508954782753018968033398e-05
-3.41424809517178228304712384045e-05
-3.54463586698334294673717881352e-05
-3.6794354418293941674875796588e-05
-3.81876562425155480608521263441e-05
-3.96274695531736786480517253928e-05
-4.11150168006173770797809230437e-05
-4.26515371375649381189935904768e-05
-4.42382860724951728248650895114e-05
-4.58765351163838882284952414015e-05
-4.75675714256696541542418499304e-05
-4.93126974445636819368091186e-05
-5.11132305500433610132536565995e-05
-5.29705027030845319846973084932e-05
-5.48858601098928006612603924808e-05
-5.6860662897083953312704629468e-05
-5.88962848049370395761906160637e-05
-6.09941129029959182338352374764e-05
-6.31555473324242302090789080715e-05
-6.53820010796210305007922225506e-05
-6.76748997856762814695139041099e-05
-7.00356815962846105750108649524e-05
-7.24657970567381480141849747767e-05
-7.49667090565834810366591112185e-05
-7.75398928284488724547995897041e-05
-8.01868360054259587781089191338e-05
-8.29090387412211298357594957409e-05
-8.5708013897075303682247804371e-05
-8.8585287299184327239678915511e-05
-9.1542398070036662535362004256e-05
-9.45808990367185851641518290478e-05
-9.77023572188212352041328245811e-05
-0.000100908354398119727416728574898
-0.000104200487771682946767232147423
-0.000107580370689517936812727716411
-0.000111049633477256328231708160104
-0.000114609924343757595696993711876
-0.00011826291037283953220225762859
-0.000122010278597654947779597989221
-0.000125853737155522837258894708334
-0.000129795016520297974010889063834
-0.000133835870808632188561776432678
-0.000137978079155752860916403501612
-0.000142223447155665952803052509701
-0.000146573808359990186188717697924
-0.000151031025828957311167924371098
-0.000155596993727474851906128483492
-0.000160273638958553278372615169545
-0.000165062922825856284994236466979
-0.0001699668427166477853093584649
-0.000174987433795988750993843918735
-0.000180126770702687503955541359346
-0.00018538696923723303809465601244
-0.000190770188031746739613231378385
-0.000196278630191876229038258627746
-0.000201914544900528756220248194353
-0.000207680228973400289116738037798
-0.000213578028356402750253389966062
-0.000219610339555322979553445006395
-0.000225779610988363318210131458486
-0.000232088344252612044154790438277
-0.000238539095295972055710623238589
-0.000245134475486633290203242196981
-0.000251877152572807104687069301718
-0.000258769851526145821304231153803
-0.000265815355263044868563970801745
-0.000273016505238863227845308445652
-0.000280376201910998541170366715747
-0.000287897405067708066044029902031
-0.000295583134020572179355423880764
-0.00030343646765954094797826390284
-0.000311460544370579974892548902332
-0.000319658561817020702312125424172
-0.000328033776586807970711973103661
-0.000336589503708898687105166569467
-0.000345329116043075336033030264815
-0.000354256043548362294873937949902
-0.000363373772436034140481675436263
-0.000372685844213844162924748060206
-0.000382195854628529453535928928076
-0.000391907452513823003140136513878
-0.000401824338551073467328683674893
-0.000411950263949102603484864193462
-0.000422289029049077821887508976673
-0.000432844481858924280768402548247
-0.000443620516520136650654576593311
-0.000454621071707787978693343644565
-0.000465850128962107831818301173499
-0.000477311710947279628589751121481
-0.000489009879630173489514777251941
-0.000500948734368716094671192262666
-0.00051313240989664312286661074225
-0.000525565074188653999671949623718
-0.000538250926187675698963985837509
-0.000551194193374226104782664936721
-0.000564399129156913505027393096469
-0.000577870010063065908320623087491
-0.000591611132709440141683177039056
-0.000605626810534944017699876539496
-0.000619921370280265273886022292515
-0.000634499148203084852547239957943
-0.000649364486021912642142728255834
-0.000664521726586177999447635489361
-0.000679975209274589716991477050811
-0.000695729265127480915945068495887
-0.00071178821172132903608714693533
-0.000728156347794425840014298501046
-0.000744837947631337804303697236463
-0.000761837255210087672605001607451
-0.000779158478109843663506062227952
-0.00079680578116850275284532845177
-0.000814783279869395801048304051051
-0.000833095033425180868380532928086
-0.000851745037515871917209453467734
-0.000870737216628104026758250277851
-0.00089007541593547599440700013318
-0.000909763392656406152253500962956
-0.000929804806827393419584038003478
-0.000950203211436505615350434084121
-0.00097096204187432986858208305847
-0.000992084604676783318732979921606
-0.00101357406555462915831444803416
-0.00103543343672599921431731750943
-0.0010576655635879076301081314071
-0.00108027311077749143056192515644
-0.00110325854768057469296183015217
-0.00112662413344164738689123783644
-0.00115037190151420038938812062668
-0.00117450364376373884989224194442
-0.00119902089409980143475120684116
-0.00122392491157190079487104839018
-0.00124921666282311501217083815618
-0.00127489680376082783162805522892
-0.00130096566028363837611014908191
-0.00132742320790255898498022357757
-0.00135426905011669222213266383648
-0.00138150239544859981116742275731
-0.00140912203310823800489481882892
-0.00143712630732800326557874193156
-0.00146551309048285893776863986204
-0.00149427975516454119263298760956
-0.00152342314540382384180361441395
-0.00155293954721965666611327439028
-0.00158282465861498420137132292496
-0.00161307355904117513852036314148
-0.00164368067823065849494823531529
-0.0016746397641732465016300990257
-0.00170594384991322868365404286095
-0.00173758521879858931352691442385
-0.00176955536784038284896236614685
-0.00180184496894555110958757726536
-0.00183444382795833757851533540872
-0.00186734084165295294646669255201
-0.0019005239530172123377238513342
-0.00193398010530120597998127163208
-0.00196769519533121972285072409647
-0.0020016540264822754204010468726
-0.00203584026147051247446206900804
-0.00207023637481398804435772653676
-0.00210482360449437948951567634026
-0.00213958190212555155254592342828
-0.002174489880881912921145593387
-0.00220952476060646586797364676613
-0.0022446623098915001806585856059
-0.00227987678542097838008118060316
-0.00231514086934325518871147231437
-0.00235042560574527442315839742548
-0.00238570033729416063061901098763
-0.00242093264275169018501232542917
-0.0024560882754224005325438540126
-0.00249113110185580173203123699466
-0.00252602303954825840176523499281
-0.00256072399222852676442530039935
-0.00259519178169716809717604277807
-0.00262938207606629300791545311711
-0.00266324831534441594863005242644
-0.00269674163622042129331846105345
-0.00272981079821169861018836932942
-0.00276240211282671472431404779968
-0.00279445937614651845198876500831
-0.00282592380369646846774434045813
-0.00285673396531969893061275733714
-0.00288682571758800592467975043576
-0.00291613213234674520726863455877
-0.00294458342198067584555287723447
-0.00297210686407560573801811543149
-0.0029986267292974682317774348661
-0.00302406421577492952670884740485
-0.00304833739107350813399288647076
-0.00307136113992083608498218083582
-0.0030930471136994220834881552662
-0.00311330367771743554694552358342
-0.00313203585476132164572282690074
-0.00314914526737049759938513737723
-0.00316453008452510092807230535072
-0.00317808497890259599241713495132
-0.00318970109781136802740153513014
-0.00319926604575875538072349257845
-0.00320666387241677489430835557016
-0.00321177505949153717715316425085
-0.0032144765045023643290633685865
-0.00321464150636071059261023030729
-0.0032121397623861456735450126132
-0.00320683738522244870042254838438
-0.00319859694097548346095050142424
-0.00318727750129141427365420113915
-0.00317273469849528718875197874638
-0.00315482077797049837233900326794
-0.0031333846529526519254782446211
-0.00310827197568973832841887627865
-0.0030793252377431042272892813827
-0.00304638390055001840109327737594
-0.00300928454387850785947677856313
-0.00296786101631845615836380325447
-0.00292194458321144235127264643381
-0.00287136408515243626501933782436
-0.00281594612844778685589730571337
-0.00275551531818951297991837634527
-0.00268989452268999368333979305135
-0.00261890514547299252390288870629
-0.00254236739224235515355321268771
-0.0024601005469167868192070791622
-0.0023719232864080341816048758119
-0.00227765404946024671226090241305
-0.00217711144221567360484970166112
-0.00207011464693484604007722715835
-0.00195648382184094313598898828843
-0.00183604051910998345223391403636
-0.00170860815947077243973084570428
-0.00157401256737927947720878663063
-0.00143208252729018666038474094648
-0.00128265032394588593747664084788
-0.00112555228109851614137770781099
-0.000960629351221741205509030425702
-0.000787727779161051435558027478123
-0.000606699797020773964016659984821
-0.00041740429431307886224203351766
-0.000219707472874268715809856211685
-1.3483553825464356654747349884e-05
0.000201384434743134106086254186962
0.000425003849599000984183644336056
0.000657471670617134273592596649394
0.000898873755356742985822560143561
0.00114928402391775903203241515627
0.00140876357195551501003127903289
0.0016773598101551575982604003201
0.00195510567461689615045838941398
0.00224201881956314231364446598604
0.0025381007200368879174467995341
0.0028433357676018074233770249748
0.00315769046592062835668301978842
0.00348111266433982465343111023515
0.00381353070781838363739746355918
0.00415485256172692159898351960123
0.00450496506014642309617679316602
0.00486373323290742280711196343645
0.00523099955628294858989146831618
0.00560658318718772284011686579674
0.00599027935899261367719281778932
0.00638185887045387111038419192255
0.00678106749298260265412796599094
0.00718762541075522280731302515733
0.007601226874169792098456799323
0.00802153991219021339498240763533
0.00844820596331037274029363004502
0.00888083965065462888066605273707
0.00931902878608013851557956286342
0.00976233433890810915756208743232
0.0102102904071988860590369796455
0.0106624044717352692290823767962
0.0111181577583805302894548461268
0.0115770055182623926581797491053
0.0120383775400534388799744789367
0.0125016789058743638118897933964
0.0129662906567824479792117031707
0.0134315706088287689645710543118
0.0138968544965503548044294390706
0.0143614570494910772507912710694
0.0148246731569059188304837704209
0.0152857794009772281901282653394
0.0157440355312097775286606093914
0.0161986860031609405941033230647
0.0166489619002217412169208898831
0.0170940827629096937789743293479
0.0175332585093889159466584715119
0.0179656917199000863705204977805
0.0183905797550127508843686996443
0.0188071170571596640863631932916
0.0192144977190912419340307337734
0.0196119178253677771406326968417
0.019998578116087035311254638259
0.0203736866887818737770210475446
0.0207364615465311548370141991882
0.0210861335215358873529378769263
0.0214219489405982344010226370301
0.0217431724190410152752761518968
0.0220490897711813731152385997802
0.0223390106216460743171481340141
0.022612271348878696525241949189
0.0228682376805969984900901437186
0.0231063074027731407689145726181
0.0233259130063950201328104583354
0.0235265240702547361040242179797
0.0237076498421990473908227414768
0.0238688413396693811796556161653
0.0240096936832515650550590180501
0.0241298479628518393325098401192
0.0242289931866332686194454026918
0.0243068679014531927040643211058
0.0243632616894587372691205473529
0.0243980164840954458216337741305
0.0244110275903270008968082294132
0.0244022446244127853842709185983
0.0243716720503437955791525837412
0.0243193696815063864491435197124
0.0242454527312710096942360848971
0.0241500918315566866223509379097
0.024033512602130636948150055332
0.0238959951557970208535497391722
0.0237378732033071554452519080769
0.0235595330260090184137933277952
0.0233614121483688881586449070937
0.0231439977720891663925950609837
0.0229078250560787038958565631219
0.0226534750332660038407706082353
0.0223815725244766172696841977086
0.0220927836105214991935241641841
0.0217878131700405194837166789057
0.0214674020386815371519428907732
0.0211323241404930070586054569048
0.0207833834698658466433318636746
0.0204214108539112690343664269221
0.0200472607887416352789866635931
0.0196618080148887805491675351277
0.0192659441370073673815976889045
0.0188605742121058309046510714779
0.0184466132029643993528456036302
0.0180249825662828627725886576627
0.017596606787920146541814858665
0.0171624099164905535852554407938
0.0167233122560286502633619676317
0.0162802270615709059053966001329
0.0158340573066210361929950778404
0.0153856926365773336723430375628
0.0149360064043464711713848913632
0.0144858528122414464273104428571
0.0140360642606919844982416023527
0.0135874488604696575660968349553
0.0131407880797702047992459029047
0.0126968345913903973148917359026
0.012256310339630245229147753605
0.0118199047911709560071402691506
0.0113882733719136153283102430578
0.0109620361215243562053034409587
0.0105417765702280567113868769979
0.0101280408200520744693706731709
0.00972133682405587271069258292755
0.00932213387047014542530209979532
0.00893086227403898889887212675376
0.0085479132663422163762589889302
0.0081736390738081695500616419281
0.00780835317498119411278034718293
0.00745233073055883050994641081388
0.00710580917855210738437454764949
0.0067689889846061562436729808212
0.00644203453599848357286061784066
0.00612507516738507867826157848867
0.00581820630637332712742360030234
0.00552149072697371255669107625863
0.0052349598988266059923502027118
0.00495861541993134098682549648629
0.00469243052053473948259654235926
0.00443635162590495530504641763514
0.00419029996591308278447440827108
0.00395417321964326110711462902714
0.0037278471836315399401406978086
0.00351117745278167097192079104673
0.0033040011035148164966757100558
0.00310613836927461223202939777366
0.00291739429912376679182584027217
0.00273756039082682835900106610438
0.00256641619050546184940819749443
0.00240373085165721239037095458002
0.00224926464701595335213268889163
0.00210277042737765876984079582712
0.00196399502214838648714301250209
0.0018326805771245321344947720732
0.00170856582606053941306156751523
0.00159138729381139111193621538121
0.00148088042951469113159279622494
0.00137678066751604241506334869172
0.00127882441247099769808526215087
0.00118674994693298944958836926844
0.00110029826589156461309759738043
0.00101921384434811783219199110562
0.000943245332926691856627321453033
0.000872146171070170149637601486603
0.000805675129970599983482426598158
0.000743596806382896234610679897514
0.00068568204602759488808239041191
0.000631708282220246118525419642964
0.000581459841029309662183144347125
0.000534728196762228520123871877701
0.000491312134617137574732481652973
0.000451017905987142954816332407475
0.000413659326406647998627258422388
0.000379057799674151847581921037644
0.000347042363705366864717188901679
0.000317449629829540168422102874857
0.000290123751343338931538845537617
0.000264916316949457804688639050994
0.000241686246377479253127917857569
0.00022029964547111394895274882888
0.000200629653425902788324228231964
0.000182556255821987649346979654119
0.000165966109514609054271377930334
0.000150752312620357968413198346269
0.000136814220654561322088049735157
0.000124057192363713237204941863823
0.000112392380446827338863133305402
0.000101736495959774513584729371818
9.2011556612726732077255087372e-05
8.31446677051239136941457319452e-05
7.50677796096800131319531912411e-05
6.771744301286939250305446647e-05
6.10345850531504897375743856625e-05
5.49642829982641771525107843299e-05
4.94555341683616293759102877647e-05
4.44610358329674323213387410192e-05
3.99369751744150738468827621652e-05
3.58428241581702035139719852985e-05
3.21411392915205000077316643825e-05
2.87973686637730142551250267502e-05
2.57796673094872139391127430219e-05
2.30587206953920587125875241163e-05
2.06075760253652554498341592515e-05
1.84014813115282533577225787536e-05
1.64177322662597226427851071495e-05
1.46355270266995538046240696306e-05
1.30358286441993931662440553421e-05
1.16012352047965398317824065044e-05
1.03158573872385891625124906823e-05
9.16520319741508721533753550892e-06
8.13606957970706900161970975827e-06
7.21644072423871588546585506552e-06
6.39539323506304119228323135093e-06
5.66300840668959157753106076205e-06
5.01029059710674372921318867058e-06
4.42908897776380159591646037964e-06
3.91202294382087729950926713318e-06
3.45241799934295679917403698589e-06
3.04425037821187216983465952114e-06
2.68208377846064440183150058561e-06
2.36101162745834971363415727419e-06
2.07662386545295024706681702442e-06
1.82495108913831669451984743985e-06
1.60242084416643637835814088788e-06
1.40583733575274183680509434979e-06
1.23232100927233625332793236218e-06
1.07930591621265868874847849296e-06
9.44481974492730458834441938792e-07
8.25797329459910562899054974756e-07
7.21405280633661936651429124473e-07
6.2967133404087089616730458369e-07
5.49128051731788150978418906745e-07
4.78472334924837441713543328276e-07
4.16549046084169016809328582596e-07
3.62323057893293601623398636144e-07
3.14879627922369534700363811683e-07
2.73410228787443429334307965287e-07
2.37194245170978591570230212954e-07
2.0559260869888472833560575867e-07
1.78042068699157467702703233625e-07
1.54045771083998396142836911915e-07
1.33164516816393707055894419893e-07
1.15010325610679331919553936622e-07
9.92411688747692882863512663788e-08
8.55560394800335537074487493071e-08
7.36903063018456749941009179157e-08
6.34114962329138876663203673763e-08
5.45155602201035448422935202322e-08
4.68236069593648649651341543676e-08
4.01790492659828949431761178131e-08
3.44450267726714649825679672064e-08
2.95018418758786185503054604442e-08
2.52442786843855551952302176521e-08
2.15795373924457566258165914543e-08
1.84272190836541092538977183214e-08
